10000
20 76
33 50
29 42
97 21
88 95
67 60
30 79
4 42
32 64
45 11
9 40
30 13
56 12
80 50
25 78
28 71
62 54
55 37
99 64
77 80
27 88
73 66
33 20
45 24
55 73
3 10
6 61
20 62
36 95
14 82
79 31
41 33
72 17
97 58
63 95
9 32
9 48
72 14
91 22
85 92
37 56
78 62
71 49
92 59
97 76
58 51
29 28
71 80
64 51
32 64
35 18
63 12
17 21
52 59
26 95
47 15
3 31
45 11
3 96
89 36
82 26
49 78
27 79
61 59
72 86
30 34
99 46
57 47
53 11
92 32
26 86
95 64
98 36
71 73
70 64
4 73
57 40
17 71
1 42
2 29
53 18
59 77
13 47
56 79
44 30
75 66
53 51
42 84
91 71
25 65
18 28
72 80
8 63
87 45
47 97
27 77
88 29
82 52
6 20
70 13
37 56
73 68
44 90
48 55
75 66
65 83
61 92
77 23
42 88
88 43
39 84
22 60
78 55
62 62
77 91
58 40
1 91
62 68
5 61
22 76
58 69
55 10
85 36
53 79
89 45
38 74
18 59
17 51
46 96
57 26
2 54
21 35
26 71
11 23
12 46
14 82
78 83
49 35
51 20
75 85
3 81
57 69
97 32
89 49
37 79
20 18
22 99
14 93
27 86
84 32
15 58
28 60
88 54
2 85
87 84
69 17
55 90
60 98
63 26
62 15
17 34
6 39
56 92
34 59
38 39
49 46
39 53
10 37
67 49
62 57
98 18
7 64
44 29
57 84
74 31
8 40
76 67
59 36
91 99
26 96
15 82
63 28
75 42
54 60
15 80
78 53
56 98
7 66
86 38
59 51
60 52
43 40
25 18
30 78
89 66
82 28
37 19
86 87
90 40
3 36
53 98
93 20
8 80
35 21
20 48
71 82
21 48
33 82
93 41
57 98
81 41
41 68
5 58
69 16
24 29
43 72
24 95
50 30
71 42
4 23
8 89
96 23
32 11
89 69
39 40
82 53
70 18
89 42
40 83
66 51
80 15
11 69
93 96
84 35
37 91
71 30
35 68
33 15
37 47
71 46
37 77
41 26
34 44
59 46
88 89
24 59
45 28
88 15
49 65
31 74
66 97
45 43
2 85
79 47
56 41
82 74
84 22
66 42
19 77
31 53
15 21
87 82
70 72
3 57
1 83
23 62
93 51
76 88
40 21
26 67
75 78
75 71
3 83
87 72
45 49
30 48
7 47
97 41
81 54
32 80
77 16
87 32
22 70
67 27
96 50
65 40
58 28
50 90
33 39
32 38
4 80
30 81
75 86
93 54
74 40
95 95
34 25
49 49
32 34
63 72
41 19
83 72
34 32
52 35
40 70
24 67
58 84
51 22
52 98
11 19
18 26
65 71
43 14
33 35
72 35
57 52
68 90
64 18
12 22
74 95
8 12
83 44
44 73
61 66
89 75
81 38
53 28
57 95
3 37
54 30
62 26
92 52
91 85
87 44
66 40
58 70
44 27
28 82
67 17
73 76
64 33
35 64
94 32
33 16
31 86
31 27
95 79
53 91
48 58
33 87
45 74
87 35
79 23
71 44
10 91
48 30
73 44
96 87
23 44
5 72
67 91
76 52
39 15
74 28
94 67
73 14
70 66
96 39
64 46
26 22
19 49
92 53
35 16
90 43
97 16
28 88
75 11
98 58
27 86
39 33
14 51
82 84
33 76
65 61
72 69
99 35
20 65
64 12
91 77
35 84
45 10
7 18
38 33
5 50
69 87
73 54
6 63
24 76
96 86
23 96
98 36
94 63
6 39
61 84
6 20
49 31
67 58
92 20
62 19
97 65
46 54
53 54
94 11
68 32
98 65
42 28
58 74
18 15
43 29
34 32
62 43
43 97
34 24
81 31
74 16
78 78
12 43
98 33
26 12
73 67
48 65
43 24
91 88
63 21
71 23
77 12
67 20
30 81
89 87
19 98
26 54
45 97
87 56
79 36
67 44
99 29
22 21
95 94
59 20
29 64
1 29
33 32
50 25
17 92
50 91
95 31
86 81
90 73
71 50
12 34
11 27
4 88
72 52
13 33
43 20
8 65
12 17
88 41
61 86
6 80
4 18
50 48
50 77
4 90
29 89
58 50
64 93
36 91
25 80
56 25
48 94
86 83
60 84
82 33
72 79
1 39
10 54
67 22
35 78
76 79
5 96
27 41
62 38
48 81
73 19
36 96
1 14
54 99
70 74
95 23
78 14
98 80
98 49
79 59
73 46
91 94
7 38
73 91
61 75
85 55
84 27
7 54
48 23
91 69
41 58
58 66
94 94
91 85
73 90
64 98
27 66
29 42
20 87
2 43
37 70
90 50
98 16
69 86
60 60
80 32
42 37
47 73
59 46
75 59
11 14
48 43
78 88
69 54
98 87
62 41
87 22
5 34
26 13
75 52
30 83
96 12
13 69
84 69
33 50
36 35
57 41
5 84
27 89
86 98
72 94
51 97
36 52
64 19
50 98
18 48
70 79
15 37
70 32
41 33
97 77
60 78
29 96
51 93
98 70
52 11
40 24
11 60
23 48
4 36
26 93
42 79
17 84
4 90
96 57
34 66
55 17
30 27
20 93
55 64
41 85
38 99
71 13
34 11
14 98
54 83
78 52
35 23
29 68
33 96
50 91
27 28
32 78
23 15
91 30
31 38
22 36
9 89
10 33
57 55
94 72
42 85
9 57
37 73
82 33
65 25
59 62
32 86
75 50
17 39
77 81
36 60
32 33
25 85
71 15
63 47
74 40
91 85
84 30
29 78
81 21
63 39
25 71
6 79
55 26
84 23
85 14
78 59
81 34
48 52
41 99
86 79
82 35
25 92
49 35
42 13
48 17
82 81
21 18
52 70
61 38
94 38
92 99
12 75
7 42
35 89
80 93
2 87
71 98
61 45
18 82
53 73
28 35
81 29
90 85
24 48
7 79
16 77
50 63
38 79
62 11
39 41
18 29
34 38
15 43
14 96
75 95
85 32
86 34
9 72
51 56
18 38
28 59
11 91
78 66
3 98
27 82
11 67
54 49
58 26
8 97
95 62
80 75
13 61
13 13
16 66
90 87
80 31
80 35
38 51
73 95
2 97
1 13
94 88
67 77
88 92
69 38
15 89
61 24
50 93
19 82
46 83
69 26
4 31
42 85
57 74
97 83
75 65
4 17
37 61
2 49
94 31
38 60
78 65
21 82
63 89
36 43
43 44
20 11
26 71
15 53
22 11
91 20
12 28
80 95
79 58
74 52
86 42
77 29
88 13
33 53
65 57
20 70
45 98
44 53
33 59
21 90
82 48
64 84
48 49
95 73
58 12
76 92
24 78
67 23
43 78
42 59
11 29
46 37
90 55
22 82
59 99
3 11
87 20
95 43
63 58
37 16
8 72
70 34
14 47
15 46
41 65
65 58
9 79
11 93
10 39
96 75
81 66
28 50
81 75
40 65
88 74
14 12
61 51
89 57
7 58
46 85
74 97
92 56
10 19
36 83
35 95
90 53
27 59
85 78
7 45
22 73
96 95
55 99
46 76
38 13
6 95
12 26
32 72
84 92
15 10
64 59
91 63
94 46
70 87
82 31
2 37
38 35
14 50
15 70
86 36
92 48
55 52
80 92
3 72
74 54
66 30
57 94
4 62
71 42
32 55
53 40
1 50
58 36
6 64
69 25
7 28
7 62
50 76
46 64
70 51
67 38
60 94
2 48
92 83
56 78
77 57
49 99
37 88
23 20
91 61
14 10
25 10
97 27
31 40
24 62
15 90
37 94
35 92
6 67
74 43
57 97
21 39
47 60
39 19
44 38
34 60
64 17
56 55
60 88
84 61
48 22
14 23
37 30
77 20
97 67
64 83
54 23
24 85
44 67
35 16
7 14
41 37
65 66
14 92
59 91
44 88
79 23
41 92
83 58
21 87
29 94
73 24
94 59
92 26
59 21
44 15
67 81
71 81
77 34
7 98
29 74
93 29
95 86
69 99
69 42
46 96
73 31
10 67
5 11
84 23
34 66
90 67
53 37
30 64
84 10
44 62
82 37
58 94
99 79
66 82
61 86
80 63
24 76
78 94
77 65
97 57
32 84
86 86
64 87
64 51
91 36
26 21
97 90
14 66
17 13
97 12
92 44
96 28
1 20
80 28
79 75
83 79
35 88
49 22
73 95
73 57
27 69
55 40
27 35
83 43
91 88
24 85
71 69
16 70
40 22
17 74
48 37
34 57
53 46
86 35
25 68
3 51
41 49
27 44
95 46
33 54
91 94
7 60
78 77
9 35
3 32
80 43
95 65
93 97
13 20
7 35
33 22
42 26
6 14
38 76
98 79
81 86
6 49
98 22
67 40
86 76
72 12
65 36
4 24
51 58
66 58
15 89
85 29
31 93
13 42
74 24
5 20
87 64
46 85
53 67
56 28
13 84
53 74
59 22
25 16
41 24
85 16
11 84
44 95
53 59
78 71
29 13
53 62
63 35
47 88
21 89
45 77
95 26
69 56
50 72
85 60
47 92
62 96
92 57
36 86
41 14
40 55
84 90
57 79
63 83
62 90
48 62
99 43
89 41
72 45
21 43
83 47
97 55
17 54
56 46
68 64
73 77
57 95
21 80
99 58
90 59
69 49
76 36
59 34
97 66
30 54
50 83
90 73
71 94
83 59
92 72
14 49
76 71
10 43
18 16
36 38
96 99
68 46
48 56
34 85
68 46
34 49
16 99
44 12
90 54
24 19
88 78
21 12
22 85
1 56
52 45
92 67
76 35
77 35
98 52
9 72
99 69
99 17
91 53
61 24
24 86
18 86
32 31
8 35
29 92
54 53
93 96
71 69
74 76
40 72
61 61
36 21
31 56
60 76
48 13
25 39
90 29
72 68
5 48
64 56
64 85
19 80
13 33
41 67
81 41
22 69
68 73
44 68
56 82
75 16
52 80
92 28
52 13
10 83
84 83
53 49
42 89
61 31
74 23
46 63
34 19
10 88
47 97
31 99
8 38
24 35
68 39
93 72
22 17
79 93
49 25
11 24
22 76
71 24
42 81
1 54
17 61
10 89
22 19
66 60
72 67
7 69
58 68
30 21
57 76
49 10
71 10
42 11
9 63
63 25
74 98
90 92
61 71
54 26
14 95
92 97
77 38
47 13
79 92
72 44
61 49
12 64
19 79
25 10
59 75
69 37
29 58
77 98
44 75
92 30
42 90
26 32
3 72
89 69
87 87
65 53
86 31
78 36
60 52
9 25
70 17
46 88
60 95
89 72
91 48
2 93
20 66
50 75
71 16
2 16
33 56
28 86
30 55
84 46
59 68
18 23
94 88
72 66
15 87
29 98
75 76
75 75
60 30
23 31
53 51
72 25
66 51
46 53
39 96
86 45
75 16
44 94
22 57
46 71
44 46
71 76
14 12
32 40
72 22
75 90
68 19
11 42
33 35
80 48
5 68
63 24
66 80
55 81
96 11
89 63
88 19
63 41
71 27
11 84
62 33
9 23
80 69
51 33
73 39
64 54
64 20
16 93
86 42
86 51
5 81
47 26
91 86
21 77
61 50
73 73
32 74
96 95
1 14
48 90
28 20
99 55
7 16
66 54
86 67
47 15
83 46
82 74
89 82
35 13
44 18
4 69
80 24
82 65
87 71
75 71
35 53
64 98
62 11
57 82
15 95
21 94
12 16
83 83
18 66
67 82
24 35
6 26
5 60
87 72
47 47
34 67
24 82
5 54
11 31
58 32
16 95
58 96
21 16
59 59
8 39
53 92
54 30
7 62
98 31
96 32
31 31
41 71
27 76
42 31
80 98
54 72
31 68
87 42
86 45
41 24
86 38
95 71
36 53
55 98
50 84
75 66
39 78
41 61
71 39
65 71
41 42
55 23
98 51
4 71
30 16
80 49
81 26
72 71
15 30
23 76
49 55
52 70
17 76
95 20
78 19
40 68
18 38
93 41
55 23
74 91
21 78
54 62
14 26
34 28
85 84
4 55
78 67
34 49
56 64
92 70
71 69
1 46
73 82
25 94
31 81
42 43
74 40
57 19
3 78
2 50
86 14
10 44
17 24
97 55
97 81
38 95
66 44
53 62
24 38
21 50
59 10
20 77
57 29
9 76
63 83
67 31
8 19
76 82
44 38
89 75
29 54
62 11
77 82
79 22
29 72
81 47
61 65
89 19
76 13
48 81
10 51
96 86
80 56
66 76
34 54
34 44
81 98
15 36
17 71
27 47
96 39
25 83
63 10
10 91
88 95
38 91
49 52
25 81
89 25
55 34
58 89
20 12
37 20
70 61
91 56
21 27
83 59
92 25
82 68
9 12
98 33
64 23
92 79
64 90
60 38
48 17
84 67
13 84
22 85
22 14
7 91
56 57
88 58
48 23
38 72
85 66
58 83
30 83
38 75
91 59
67 74
67 20
78 62
47 16
11 87
89 38
65 83
95 89
61 66
74 98
42 59
13 28
63 92
63 64
89 12
61 44
35 35
59 73
3 77
34 59
25 95
10 30
65 80
81 29
94 52
80 33
6 94
34 84
60 17
16 78
43 86
96 55
29 64
91 55
14 66
49 47
31 45
43 30
3 68
22 74
34 24
92 74
37 12
64 81
38 27
58 73
91 78
94 32
66 42
53 74
69 16
47 25
45 76
73 90
68 54
1 94
67 29
62 77
37 36
91 87
35 65
83 37
28 56
23 58
9 66
57 82
23 32
51 74
29 28
5 36
52 93
70 96
28 45
63 16
10 78
76 96
37 17
7 88
39 39
21 45
66 27
35 56
21 71
55 39
89 98
61 90
42 89
57 17
3 21
88 57
52 51
49 69
76 72
66 98
10 89
2 42
94 75
42 26
12 52
28 55
82 89
92 53
20 64
59 97
18 86
53 67
59 41
12 69
31 71
21 70
20 26
48 52
97 61
55 33
39 82
8 50
11 13
71 36
65 83
45 91
51 61
96 28
22 23
42 42
27 16
50 28
50 60
16 13
23 55
75 83
41 58
6 59
24 99
85 87
55 56
56 28
26 69
78 43
30 53
85 25
36 15
58 55
76 85
31 59
69 53
21 27
57 66
5 47
18 59
49 21
64 32
8 77
11 81
80 70
68 17
60 26
79 13
69 62
67 96
95 36
81 84
35 15
19 69
60 34
33 12
99 46
62 72
84 91
26 26
5 88
19 95
58 65
22 23
30 95
94 62
78 52
46 57
83 61
59 41
96 65
62 16
93 42
17 23
42 20
32 26
78 51
61 80
41 26
76 67
10 56
23 47
25 10
4 61
52 19
5 98
16 50
39 60
12 11
91 14
10 59
43 76
50 12
70 40
44 99
5 19
95 56
16 86
48 14
38 65
48 57
78 25
85 91
49 17
53 93
49 50
89 40
14 97
85 53
21 13
72 52
13 78
5 58
34 49
33 24
78 55
3 28
4 81
49 65
24 34
41 85
46 58
54 43
51 62
77 45
81 49
6 49
52 96
66 60
31 26
43 28
5 57
67 55
97 22
21 70
38 28
23 91
38 96
46 78
5 50
40 46
20 55
93 28
27 60
40 15
63 51
6 50
41 46
16 58
76 16
85 47
17 59
64 78
77 99
85 93
73 12
6 81
97 76
57 22
83 87
2 73
77 10
23 76
60 18
45 68
51 62
4 70
30 12
53 29
13 80
57 72
3 13
34 98
77 95
91 47
16 28
51 72
25 90
70 88
79 22
72 51
31 20
2 54
97 97
99 78
88 42
23 51
84 49
1 96
16 21
61 28
66 68
10 46
47 65
93 54
65 25
35 29
22 61
82 53
83 16
38 93
49 82
15 70
57 87
8 98
65 86
5 32
21 61
22 77
86 23
11 36
29 46
97 24
26 24
21 47
97 28
22 84
32 67
36 41
9 19
77 75
79 18
31 77
16 62
52 17
78 64
12 51
31 46
42 40
43 42
62 72
1 84
27 97
74 88
64 85
69 46
54 22
6 22
21 91
34 75
88 94
59 71
58 59
76 15
73 90
69 38
22 82
96 78
52 19
8 81
45 94
20 38
3 75
87 50
28 83
3 61
40 44
61 33
85 43
20 78
19 52
98 25
89 96
38 10
19 40
64 97
98 74
86 82
13 31
67 37
77 50
97 92
37 70
11 89
97 46
58 97
27 93
21 76
27 40
25 17
64 45
70 66
18 63
42 35
93 72
83 86
67 60
43 81
31 68
34 26
70 30
41 88
69 68
22 11
66 87
2 10
57 20
49 11
65 65
7 53
76 84
72 12
64 10
7 95
98 43
54 28
56 95
62 84
38 41
86 67
14 65
62 89
80 78
20 20
75 84
48 51
15 51
65 92
12 22
7 34
36 48
88 61
73 88
59 72
47 30
95 35
43 15
47 43
42 21
4 10
55 90
80 73
85 95
91 21
19 74
3 15
61 67
53 20
19 81
22 63
34 65
26 24
7 23
41 64
72 35
10 32
86 86
63 14
84 76
76 46
73 74
8 96
16 30
62 13
53 17
85 96
55 48
53 97
22 23
77 86
22 53
55 80
17 96
7 76
31 16
44 29
29 64
78 22
59 92
25 99
15 10
27 87
93 89
49 63
81 68
38 81
63 77
43 91
68 16
62 48
67 27
15 95
16 32
18 99
77 65
46 95
14 75
78 58
49 56
80 37
51 80
50 82
92 30
80 37
40 24
33 13
54 16
5 93
33 85
77 48
76 70
32 30
30 44
13 70
46 34
12 92
65 78
86 23
25 38
69 97
93 88
68 91
79 75
26 36
52 93
53 56
84 91
81 75
14 79
52 25
31 67
7 59
32 50
69 81
2 30
10 49
70 90
61 71
47 69
90 95
18 63
90 84
50 43
90 42
91 84
66 66
70 27
24 64
31 13
66 20
80 96
92 56
79 62
55 67
87 91
5 97
46 96
80 43
45 70
54 86
59 98
68 74
55 22
18 86
17 99
90 59
46 50
17 31
4 48
38 28
50 67
73 11
23 88
62 52
64 62
64 79
84 21
22 64
95 86
42 58
8 22
6 23
1 70
65 33
97 63
45 22
7 57
97 85
10 41
19 82
20 47
7 66
8 38
37 91
25 31
47 35
3 84
20 51
74 10
29 59
84 33
62 72
54 68
75 76
36 87
84 51
52 78
67 93
39 26
68 51
99 53
78 18
68 71
87 12
11 47
89 41
64 37
17 61
6 49
1 46
7 30
36 78
18 73
28 67
65 67
21 57
95 21
77 24
43 64
11 15
82 89
25 42
6 76
84 64
1 58
66 93
94 75
1 76
99 51
65 21
39 95
41 89
11 37
87 40
38 24
41 21
81 25
15 63
49 12
89 32
99 26
60 58
49 80
50 44
99 86
56 29
88 76
30 60
67 18
42 62
37 17
70 20
21 99
32 55
11 17
3 26
82 97
67 18
88 53
3 45
43 15
73 10
15 24
29 84
10 51
79 53
94 44
45 23
36 92
46 94
74 26
41 57
53 71
71 79
3 21
27 64
76 56
83 90
85 51
27 66
97 48
26 86
38 69
53 96
84 48
26 96
96 84
67 83
39 74
50 15
53 42
35 52
66 21
54 78
48 71
64 99
22 47
12 78
62 84
32 51
45 67
34 39
7 13
92 75
84 68
80 85
77 35
86 63
5 21
48 94
14 89
25 59
89 33
61 96
42 27
64 27
21 12
35 77
6 36
74 68
61 55
34 41
79 39
88 16
4 19
25 95
69 57
37 31
29 31
94 35
17 28
80 85
34 53
82 71
67 21
19 19
59 78
83 44
38 44
95 41
98 21
40 90
76 61
81 33
93 93
30 30
3 16
58 49
29 93
35 71
33 76
76 23
91 21
92 86
3 63
8 30
42 62
47 14
64 51
82 40
58 38
84 36
84 19
22 69
72 24
42 86
24 75
45 97
93 81
26 23
96 62
71 96
15 22
98 26
34 63
12 48
18 70
68 76
20 14
43 32
55 17
54 70
24 76
70 52
21 29
43 11
13 44
82 12
15 91
39 48
61 37
87 16
89 73
91 92
40 22
37 58
85 10
15 95
95 17
44 72
52 49
3 78
18 13
82 50
64 57
14 27
92 81
75 99
13 69
58 75
45 73
70 18
96 51
69 82
71 52
6 18
89 67
59 75
48 61
59 48
7 76
63 51
44 12
87 38
51 80
72 44
10 81
55 11
42 76
55 82
53 78
41 52
53 61
62 89
13 84
47 87
8 82
25 47
8 16
84 64
84 20
32 42
77 74
48 66
2 17
9 85
19 49
81 23
89 21
60 55
94 50
29 65
54 49
34 73
43 48
71 77
19 81
36 82
67 96
56 72
68 47
62 35
16 16
8 71
63 80
99 31
46 17
33 31
55 57
22 32
87 25
1 22
84 45
76 88
68 60
30 44
66 94
47 83
62 90
47 13
62 35
19 18
93 17
34 58
40 55
17 51
42 45
72 39
27 87
41 40
42 13
71 21
35 19
89 45
52 39
71 66
96 86
59 61
32 91
56 75
65 21
44 20
86 98
35 45
18 67
21 47
19 99
23 87
40 94
14 64
47 31
1 18
98 12
54 33
30 63
67 35
3 58
26 34
71 84
80 84
50 45
96 43
5 69
79 85
65 72
40 17
81 95
3 54
22 67
37 47
30 47
85 33
49 23
80 43
15 49
50 33
38 27
51 15
77 63
80 62
19 25
84 17
63 92
91 54
40 95
37 53
44 21
72 98
24 97
27 48
13 64
29 95
18 55
60 80
84 61
13 35
30 33
63 33
74 28
28 77
52 70
81 58
55 73
39 99
65 11
73 67
28 49
56 44
48 27
99 23
47 87
9 37
51 61
88 42
61 32
20 71
76 89
90 72
22 73
42 60
39 29
32 53
97 58
8 59
10 49
40 13
56 29
51 31
53 79
64 81
47 66
22 71
56 90
86 58
71 91
85 96
26 36
10 19
32 83
14 72
3 92
50 75
77 66
64 36
34 26
99 32
30 62
34 86
51 62
83 36
4 61
19 21
34 87
10 84
11 54
50 54
53 62
95 21
45 50
24 17
7 36
94 72
72 54
5 56
49 99
97 35
91 28
40 29
89 52
31 51
84 35
38 95
6 69
38 16
68 44
50 38
14 96
48 62
16 30
32 47
54 74
38 30
76 78
93 73
44 42
71 91
80 36
45 52
27 98
34 30
27 65
12 48
15 66
55 83
68 22
54 62
96 69
11 37
76 59
72 72
66 95
24 91
92 95
87 92
10 64
42 36
71 73
22 89
89 96
9 56
14 67
63 63
27 14
24 96
78 47
12 56
52 27
82 21
90 98
28 50
61 14
15 64
27 60
44 83
46 94
98 24
5 95
93 29
17 72
74 32
42 28
99 68
17 38
32 96
12 58
74 55
19 15
99 71
87 34
86 55
9 12
12 82
67 27
28 73
60 46
62 35
98 68
65 42
96 91
58 93
70 29
83 19
35 91
45 50
20 75
2 86
26 19
28 64
1 40
94 70
73 76
81 86
49 37
90 10
50 14
42 17
51 96
60 47
87 20
92 35
66 76
96 82
67 39
30 49
72 34
72 13
95 53
25 92
73 58
97 53
59 96
63 81
7 12
53 29
74 79
83 93
34 80
17 10
26 27
94 21
24 63
84 33
85 65
79 86
14 86
61 84
26 60
94 72
64 13
57 58
19 26
55 40
9 71
59 32
15 79
94 39
70 17
98 11
25 92
32 51
90 33
1 80
75 84
12 99
26 23
18 76
60 14
40 21
43 50
67 87
68 34
1 65
96 22
35 40
18 24
62 88
95 16
80 30
55 45
80 26
61 81
26 62
65 48
70 10
64 71
31 53
46 42
79 44
58 25
56 78
88 61
54 60
90 99
17 54
33 16
68 20
14 59
19 35
20 88
71 38
72 28
85 17
27 23
97 15
85 41
71 30
85 91
79 54
10 96
67 34
98 18
38 14
97 84
78 51
33 16
70 58
36 47
14 98
11 12
16 66
78 92
40 79
77 26
13 10
59 69
39 55
63 14
49 55
99 20
38 89
33 53
86 63
98 78
48 99
23 89
89 40
11 61
67 18
56 72
24 65
19 85
85 91
63 18
57 70
79 34
75 85
74 53
40 98
73 49
65 43
7 91
76 85
27 56
4 24
34 49
78 48
37 64
10 15
53 49
16 68
67 60
17 22
30 15
44 37
45 73
89 48
28 58
27 40
43 25
47 40
45 40
41 74
35 63
58 26
11 93
76 44
65 84
30 68
92 71
12 65
75 50
90 23
78 79
89 23
47 50
43 41
48 17
72 48
10 77
23 97
37 62
85 99
47 88
38 92
85 14
52 50
90 67
87 72
66 10
12 13
99 53
83 38
20 54
29 63
24 44
49 37
53 96
87 84
60 41
3 69
44 22
70 67
94 91
44 85
26 87
35 41
34 17
9 67
61 89
66 84
16 39
21 60
1 97
22 87
22 93
40 18
31 51
69 36
59 24
72 51
11 42
98 49
51 98
2 33
95 96
33 93
95 51
77 33
47 89
28 33
21 89
5 72
29 98
48 24
31 70
32 19
96 11
37 35
31 73
98 40
65 61
79 23
45 45
96 66
78 30
41 79
22 66
8 41
44 75
4 12
27 98
27 38
81 61
86 44
18 91
76 56
38 46
49 38
16 88
10 14
4 16
90 30
57 20
99 50
3 43
29 46
35 21
9 45
86 30
74 20
32 80
62 70
3 94
83 35
33 24
92 47
54 78
6 13
31 69
80 67
54 94
15 83
18 61
78 84
53 66
30 74
66 74
30 37
66 59
22 50
94 74
66 78
83 14
12 15
22 93
95 91
68 75
46 57
8 15
79 43
44 62
73 63
83 65
99 15
61 73
99 71
69 62
1 84
65 10
30 35
79 12
41 68
40 50
9 85
9 77
9 45
46 52
29 60
18 77
38 99
42 38
49 20
98 20
14 54
95 26
81 31
24 40
57 71
81 29
82 71
98 11
1 54
67 99
12 80
77 69
57 71
84 60
98 30
92 98
65 17
94 58
82 84
51 63
30 25
30 50
45 34
26 91
46 71
35 22
37 76
42 45
22 96
84 31
74 91
38 24
68 31
1 24
42 24
22 16
93 72
44 15
71 21
10 63
77 39
2 53
16 49
61 28
38 90
63 39
1 49
90 36
78 19
78 82
72 19
74 27
30 23
3 27
34 29
43 85
73 36
41 67
56 28
57 96
59 38
60 24
95 48
77 16
99 18
9 51
80 46
19 14
66 80
9 57
97 91
90 49
63 54
46 10
63 67
26 66
87 15
39 65
77 15
1 70
82 11
99 44
68 56
35 79
80 34
87 95
31 11
87 14
20 70
36 99
39 89
33 78
71 59
83 90
57 57
30 87
25 13
79 45
38 21
74 16
89 65
82 78
93 44
42 24
66 54
48 64
81 36
17 38
6 48
2 38
49 79
11 39
71 83
95 67
84 55
62 15
66 38
62 90
46 70
34 22
66 49
44 22
86 74
88 45
33 91
22 10
58 84
58 67
13 26
23 66
3 13
94 16
23 22
16 27
43 63
15 45
38 94
6 32
47 31
29 59
42 44
93 22
86 30
59 38
86 67
51 22
83 61
39 12
25 24
55 29
37 50
9 89
43 21
37 11
52 57
93 95
69 74
91 44
39 91
74 64
78 71
97 61
15 38
35 95
78 17
15 88
79 82
9 76
87 38
64 88
87 59
7 90
96 16
7 75
13 18
35 77
21 46
99 48
81 15
95 52
42 69
47 41
14 66
85 75
28 35
37 75
37 50
68 14
53 23
58 65
1 61
43 82
91 45
16 73
65 63
5 58
18 31
32 32
84 23
76 85
67 24
24 67
80 95
45 56
16 88
81 93
96 29
75 80
19 39
28 81
43 43
17 43
55 55
66 44
32 27
91 46
54 56
17 28
93 30
78 81
8 72
37 69
86 45
77 45
70 51
37 57
91 28
58 67
51 46
71 42
93 82
16 29
84 23
30 43
51 60
85 86
1 28
8 46
59 10
68 58
70 46
68 97
83 13
32 50
50 52
89 70
2 55
3 52
1 34
97 44
25 90
49 80
9 57
96 20
93 25
39 57
83 99
69 63
85 58
5 26
42 52
85 59
89 10
79 63
92 73
80 16
79 33
25 37
98 27
28 11
71 43
52 16
21 71
9 41
65 52
24 70
63 57
47 38
82 60
44 62
98 34
54 52
81 42
44 38
80 97
51 79
66 54
42 27
44 98
75 47
85 25
1 16
99 25
79 98
6 84
67 61
99 48
23 86
90 98
7 29
11 32
34 38
54 85
16 54
62 25
81 43
6 19
23 94
82 41
17 76
80 75
90 34
27 94
8 29
66 54
86 74
94 51
68 37
3 22
50 65
25 56
62 43
81 39
50 21
86 41
8 16
25 62
30 73
58 86
54 61
62 66
26 92
84 69
66 34
79 29
94 97
36 99
73 66
66 40
14 94
42 82
28 97
55 17
69 37
18 84
31 67
32 37
44 42
78 21
63 54
46 65
74 98
42 71
92 98
13 72
14 26
16 78
72 89
82 43
67 72
74 65
24 43
22 20
26 85
20 70
16 56
66 19
80 63
37 23
20 59
65 57
26 78
30 70
58 48
15 82
54 27
49 59
45 94
79 68
35 70
3 39
3 20
94 82
79 31
63 47
75 81
69 50
95 22
47 33
27 78
59 38
32 25
5 27
28 13
46 40
3 37
65 69
24 76
87 23
10 58
7 71
4 66
64 33
42 18
82 76
39 37
19 16
72 58
52 68
25 89
62 65
31 86
92 52
3 88
93 28
77 60
5 86
70 38
90 21
54 90
93 70
76 85
90 71
22 60
52 23
13 79
61 38
98 76
20 89
82 78
62 22
68 83
38 80
61 45
80 80
93 95
86 87
46 78
72 16
97 96
8 67
91 61
80 91
50 55
24 75
30 65
37 64
34 17
36 12
86 93
66 26
95 29
15 72
74 61
58 72
88 71
73 19
78 52
47 95
8 45
32 73
33 35
62 73
98 63
74 44
77 33
76 73
63 18
78 83
10 26
38 15
57 27
46 16
17 94
88 62
62 84
19 46
1 87
74 69
59 99
75 10
85 23
37 13
75 24
24 29
24 90
97 41
34 23
72 60
70 14
29 31
77 78
2 44
65 11
9 50
85 15
8 56
86 85
68 41
81 49
44 44
9 66
22 22
25 73
46 68
24 18
88 66
86 39
51 88
79 60
98 20
17 31
88 82
76 65
90 24
3 46
80 13
78 42
90 15
8 47
8 13
86 72
83 93
97 19
78 34
20 78
72 19
67 34
81 35
74 57
20 30
32 87
21 41
69 60
81 50
28 31
41 76
85 90
30 78
92 29
46 47
84 40
57 56
21 17
95 62
20 69
68 82
34 91
97 90
42 10
71 83
10 33
81 20
74 29
39 18
18 93
60 67
90 40
73 51
33 35
87 80
75 79
45 70
44 24
94 61
74 96
28 30
42 39
8 94
25 41
19 21
97 91
76 47
79 11
45 63
33 69
63 35
26 86
58 64
74 49
37 74
69 19
22 93
91 31
49 47
31 72
73 67
28 45
95 78
17 39
84 97
21 37
70 98
75 32
11 19
4 30
2 92
50 45
18 71
91 59
78 90
12 61
4 65
73 87
66 99
84 39
8 18
68 97
9 14
53 70
2 90
82 15
9 25
62 96
76 54
53 96
17 40
5 16
11 55
74 17
85 97
90 61
25 55
19 52
22 14
8 36
30 15
38 96
29 98
74 84
59 87
53 66
33 13
71 46
88 20
39 39
91 64
63 93
42 59
88 24
99 83
13 65
87 23
64 50
76 28
75 85
20 75
45 15
41 64
92 46
31 61
51 25
76 61
52 77
65 73
64 77
83 87
58 47
67 92
31 31
14 84
78 59
12 24
51 21
2 10
74 97
26 50
64 79
75 59
31 65
94 82
7 45
55 85
63 19
55 72
77 60
50 51
15 88
84 82
68 22
25 72
42 66
60 80
3 32
69 89
94 63
27 33
47 48
49 69
62 23
37 22
14 96
42 13
39 98
83 59
62 78
65 45
45 19
17 75
66 50
89 18
56 23
60 54
86 75
43 94
17 70
94 17
28 33
91 91
29 39
52 87
74 85
25 23
51 75
76 18
24 53
13 27
56 98
82 76
3 61
61 48
5 14
6 12
71 91
49 61
85 24
32 39
12 94
53 62
54 10
14 89
16 83
61 51
54 32
84 34
41 46
79 36
31 94
46 68
71 48
12 32
27 57
58 17
61 79
45 65
65 82
5 51
56 34
6 77
31 59
50 91
21 29
14 23
20 54
86 21
31 98
23 28
95 46
66 66
75 50
45 42
24 49
20 71
32 29
62 18
90 69
63 78
32 46
32 93
18 26
97 95
18 91
73 36
58 75
85 78
81 61
42 52
84 69
24 78
98 23
96 94
59 98
2 47
39 63
48 97
93 96
44 91
76 97
1 67
1 92
44 71
78 88
73 18
29 62
84 21
84 10
18 30
83 26
44 83
74 90
22 97
36 10
90 31
22 55
87 87
30 97
67 10
36 77
21 51
56 54
61 85
91 33
85 17
32 27
60 12
45 75
58 96
60 99
93 68
40 89
67 83
77 12
76 64
96 84
16 44
89 37
14 25
92 58
2 28
95 45
21 87
30 10
13 44
96 96
14 23
90 23
16 81
93 74
87 95
74 13
36 12
75 27
94 87
31 13
20 52
89 73
92 38
78 80
85 18
4 23
99 93
4 61
59 48
54 95
18 67
54 82
5 89
80 73
56 84
25 34
39 32
46 35
41 78
13 85
25 29
58 45
6 93
81 75
68 78
53 24
78 85
96 96
94 78
91 73
48 61
61 97
2 41
25 54
24 14
27 94
24 50
61 82
77 19
97 79
63 40
11 91
79 91
30 65
20 99
21 67
16 87
2 50
2 82
2 39
98 30
85 48
25 62
32 94
57 14
1 17
9 81
63 47
25 76
55 39
49 25
1 17
2 95
77 39
76 10
78 18
22 81
27 27
15 16
16 65
89 68
7 50
18 40
74 21
18 67
46 84
92 44
86 27
45 34
91 59
14 11
75 55
42 83
60 21
31 59
76 11
10 10
5 20
49 58
27 89
59 99
49 52
7 87
52 41
81 85
22 48
45 88
40 47
9 45
68 68
53 15
4 86
53 94
58 54
8 35
26 92
44 95
81 97
99 59
96 47
45 11
14 81
51 38
36 45
66 33
2 82
11 23
4 19
50 27
2 69
47 80
98 74
65 76
30 29
22 50
42 54
65 45
89 73
56 22
53 21
55 40
87 60
79 50
10 18
30 42
39 73
68 87
92 45
13 17
58 75
74 15
28 22
68 11
39 70
36 93
99 82
16 29
22 68
82 41
72 72
20 13
47 56
18 47
80 32
75 16
97 25
2 38
18 49
79 36
26 60
10 31
8 90
82 53
74 11
88 39
67 96
38 51
77 98
88 94
54 91
36 24
54 73
96 54
98 53
18 21
85 56
44 21
31 45
87 37
85 87
13 41
91 42
7 98
49 65
21 31
28 60
74 27
4 89
98 27
77 24
1 63
25 33
54 33
46 61
61 44
67 11
21 68
64 78
40 65
57 28
4 45
39 67
70 47
93 53
95 40
83 50
44 41
23 79
98 44
48 14
28 43
3 59
22 22
24 56
52 52
64 95
69 98
43 14
95 37
46 95
20 52
68 79
57 31
30 37
86 76
58 90
12 76
51 78
71 64
33 20
51 28
8 34
1 99
25 94
23 96
53 79
53 34
4 91
51 68
69 65
73 82
16 50
32 96
39 70
74 75
76 67
44 88
98 24
24 54
81 91
22 66
78 11
20 87
87 24
27 26
36 95
59 79
84 60
5 34
67 44
81 22
59 49
36 81
15 96
15 48
40 90
55 13
59 15
97 79
34 95
88 84
95 63
91 88
51 43
46 91
7 60
90 26
10 30
24 72
10 33
94 65
46 39
87 38
1 80
5 87
83 42
35 28
87 55
68 80
19 36
63 62
3 11
44 40
78 31
8 69
7 26
34 68
65 87
73 87
85 24
11 39
94 57
61 95
21 13
30 79
19 47
65 68
69 19
36 65
35 92
80 39
4 15
46 20
89 64
73 57
63 73
29 91
52 40
59 42
78 64
64 24
1 96
56 54
94 66
3 40
75 13
34 42
67 74
94 42
29 94
38 61
58 51
22 64
58 75
19 92
15 32
10 82
36 51
37 14
39 68
31 18
13 98
54 17
37 51
88 83
16 95
15 48
64 60
97 77
42 20
27 62
54 34
47 14
22 20
6 65
33 55
50 15
84 40
26 26
26 69
83 47
8 68
54 35
52 70
12 20
49 47
66 64
95 59
7 38
70 34
56 73
79 23
41 60
51 13
33 66
19 30
82 47
80 67
96 31
58 91
67 85
50 71
17 79
9 23
64 84
22 66
81 62
54 74
29 66
91 59
51 72
68 64
36 63
33 91
82 31
94 52
11 45
37 64
53 99
34 54
44 68
36 50
69 45
4 81
85 32
10 65
57 28
3 47
40 90
85 89
49 23
43 33
41 77
25 14
52 78
83 50
16 76
94 31
6 17
47 44
31 13
31 37
24 32
23 67
39 78
81 23
31 60
60 44
99 15
47 39
83 97
47 39
95 13
1 87
72 75
75 73
31 10
1 17
18 41
98 81
23 96
85 95
58 34
71 48
77 12
62 19
14 73
77 66
49 25
80 66
48 86
50 60
99 48
86 91
7 41
73 58
30 65
82 69
58 61
74 24
9 61
49 54
9 49
6 48
85 91
79 20
9 36
7 97
96 99
81 13
52 47
62 22
42 49
83 15
56 91
41 87
78 23
11 96
28 34
32 97
64 41
69 58
29 53
51 50
28 82
95 98
16 40
50 22
93 19
15 56
72 36
14 32
16 65
68 31
31 50
30 22
89 39
39 24
77 97
61 75
48 37
65 87
52 95
98 46
61 17
32 53
26 15
6 33
1 85
67 63
71 65
42 95
12 71
3 83
22 75
86 20
58 35
43 10
16 65
37 44
68 92
8 16
32 97
3 38
54 61
74 53
2 83
87 84
29 81
95 63
23 32
51 16
5 94
9 24
57 27
67 60
89 76
38 50
1 11
63 32
49 60
80 95
70 55
53 79
87 44
73 13
44 33
47 71
83 90
61 57
22 74
64 10
40 92
40 55
44 83
18 17
3 22
93 25
23 53
98 10
79 61
15 19
42 93
41 28
35 99
23 45
54 73
73 35
88 25
52 29
66 10
66 42
80 88
46 99
3 99
58 98
42 85
21 23
70 76
69 36
47 60
37 86
97 14
14 15
45 82
39 18
69 89
83 12
91 79
93 45
48 53
33 81
64 98
15 70
79 70
42 16
54 51
68 16
86 92
74 57
70 36
81 10
54 19
15 38
97 32
13 85
96 94
2 88
76 37
38 73
20 84
42 15
41 61
5 71
58 14
18 34
69 56
84 17
15 59
76 87
3 24
99 19
79 68
10 80
57 35
58 78
32 20
20 95
33 41
56 62
42 35
77 24
96 82
75 10
47 58
58 75
58 46
76 44
29 36
77 75
35 97
64 62
61 35
3 15
9 79
50 41
67 12
58 62
51 87
5 79
40 81
22 33
64 71
84 30
68 92
96 33
83 80
64 35
45 92
85 86
87 91
43 63
59 22
38 23
79 63
41 63
80 54
99 21
65 85
86 59
25 93
32 12
22 42
91 47
20 72
39 44
41 34
8 51
41 64
67 86
74 54
78 29
52 10
94 68
57 13
70 81
17 22
16 52
17 86
99 90
16 88
4 92
86 97
42 47
30 96
64 24
79 43
30 89
35 18
86 30
76 97
40 54
63 82
57 22
83 68
62 98
63 82
90 36
83 28
63 47
43 11
26 91
78 45
34 89
9 23
21 74
12 71
28 82
77 54
35 98
81 71
77 45
87 61
84 46
45 73
11 67
93 24
14 26
8 14
47 26
47 64
22 61
94 63
83 23
71 95
98 41
18 27
65 19
13 35
43 74
28 67
49 77
89 88
65 63
48 30
51 85
21 56
77 25
8 37
81 37
53 70
72 11
49 69
66 58
58 73
94 27
34 30
61 76
38 28
90 14
28 36
47 68
98 24
54 79
76 12
16 54
26 25
50 21
76 26
43 44
41 81
38 99
16 51
53 96
42 53
70 87
20 90
58 52
45 33
87 61
76 35
3 29
93 71
98 15
48 17
82 96
72 96
45 57
69 55
52 29
4 56
55 68
49 13
32 73
23 94
86 49
28 95
83 52
54 53
56 79
56 21
87 76
66 11
60 13
41 85
9 61
19 36
69 57
80 22
34 93
90 63
29 60
97 38
16 61
4 52
34 42
47 38
90 54
29 13
99 60
21 60
93 58
81 52
11 84
34 96
55 48
4 25
67 38
3 91
83 22
33 79
13 68
9 23
39 70
62 63
49 12
47 92
2 98
82 82
47 51
68 78
6 54
15 77
26 73
2 87
89 35
33 87
47 42
74 52
8 94
70 57
70 43
4 60
47 29
10 55
16 53
93 97
21 13
73 94
98 91
7 51
63 48
89 89
61 15
30 61
89 27
48 30
94 24
25 62
66 83
47 42
32 54
67 64
55 39
27 77
53 66
70 56
50 53
85 98
56 47
3 11
99 88
92 29
22 18
87 47
19 74
78 24
78 50
89 95
84 99
17 51
31 87
94 23
21 55
1 89
98 57
70 87
79 89
94 67
32 45
19 91
87 52
79 50
10 61
14 53
8 83
85 85
39 92
31 85
68 10
14 70
32 90
56 33
84 27
44 78
67 76
89 37
72 68
27 79
53 65
35 56
47 38
66 11
63 78
74 60
5 20
95 66
67 37
30 17
98 54
24 56
50 13
21 14
99 46
92 48
9 56
96 30
44 19
97 38
57 41
65 49
67 97
18 80
92 21
9 50
27 60
19 83
68 56
78 32
17 36
44 83
48 84
89 60
64 36
7 67
48 34
96 21
11 47
49 25
63 90
55 74
91 81
7 47
86 15
73 16
90 26
51 81
14 36
50 59
93 45
23 23
34 41
4 79
18 36
52 38
8 55
82 92
42 79
63 19
38 64
69 36
12 40
72 64
21 98
64 82
39 30
70 63
84 90
70 64
87 32
88 35
29 50
48 16
47 56
62 29
30 69
70 87
91 41
70 98
54 58
63 36
31 11
70 74
44 66
27 41
44 11
18 31
97 49
55 92
97 54
74 34
41 96
32 45
66 24
99 74
75 91
23 29
25 45
40 93
25 51
50 41
32 79
92 92
59 53
56 43
8 50
63 43
20 91
54 69
91 27
15 37
15 43
70 34
90 26
96 17
14 84
63 92
18 23
66 41
31 29
48 78
10 50
95 97
89 86
84 80
42 35
65 53
71 56
75 56
26 92
51 17
67 51
40 13
90 93
86 12
1 40
77 87
62 29
30 77
43 92
18 51
21 50
98 44
24 52
58 38
47 21
11 51
18 55
96 88
61 67
1 74
27 33
36 82
44 60
24 92
46 39
93 53
49 32
59 49
15 74
83 53
95 15
83 12
64 52
97 26
62 71
49 62
45 48
62 98
55 74
33 91
37 85
3 29
68 55
87 58
65 86
64 30
31 22
72 99
82 38
53 81
48 45
72 31
55 87
43 43
18 42
7 79
25 60
77 44
45 53
21 86
62 30
59 94
38 22
74 93
17 25
24 36
94 15
7 56
37 99
11 10
75 60
93 65
90 80
3 20
66 82
94 28
70 33
74 70
20 43
88 89
84 81
16 42
99 59
84 81
35 58
43 74
96 73
38 33
87 56
5 80
42 51
41 41
22 99
62 77
7 47
7 19
74 21
79 17
83 14
36 67
71 52
69 28
66 58
82 58
41 91
59 27
1 86
86 80
22 68
25 75
43 21
18 43
47 73
14 96
88 12
88 34
36 53
60 15
95 35
64 95
48 57
91 60
98 78
57 26
47 90
8 61
4 13
11 74
37 18
65 93
78 61
65 14
92 33
39 93
16 53
20 33
77 31
68 50
8 32
76 74
50 85
4 96
79 66
68 62
48 52
27 25
37 87
86 76
76 28
69 95
82 96
81 67
70 53
6 76
26 80
61 92
48 88
54 41
85 33
72 84
57 52
40 52
74 72
71 59
95 74
67 49
68 98
78 65
39 93
69 93
71 38
29 55
38 72
46 25
58 27
1 69
12 96
86 69
19 14
32 19
27 92
92 46
72 33
37 10
67 75
67 61
82 21
92 87
81 65
13 91
55 37
25 72
33 20
6 27
21 41
80 24
24 24
53 18
14 87
78 18
11 25
57 75
25 78
60 53
17 22
38 44
57 95
19 82
13 64
73 93
55 59
25 21
6 28
6 90
33 21
24 68
99 21
42 89
80 23
39 55
52 25
48 94
65 58
51 50
17 47
20 82
16 64
70 79
70 12
48 17
93 83
89 58
34 96
73 89
56 83
32 25
69 94
18 30
5 28
85 34
79 99
17 50
19 35
19 92
83 34
32 74
78 24
89 33
82 14
48 94
78 52
41 33
19 31
69 33
20 24
84 43
9 21
86 74
4 46
68 31
82 66
49 76
97 69
34 66
93 52
11 61
97 26
62 98
26 18
71 58
80 18
8 23
85 92
96 90
32 43
16 47
77 50
44 31
76 30
30 67
79 57
53 70
86 59
89 72
86 86
38 76
73 35
10 61
60 84
62 58
84 82
52 65
52 46
7 58
68 17
81 93
30 81
13 61
36 33
13 32
69 37
33 20
12 11
43 73
56 87
44 77
67 75
66 42
60 36
68 61
44 94
90 40
3 60
76 21
63 82
22 13
14 72
66 19
30 37
58 24
69 27
51 86
7 69
47 78
25 63
17 66
97 83
54 19
30 20
73 32
6 62
2 53
32 60
92 82
79 29
1 13
68 50
39 64
48 45
75 89
48 97
79 26
46 23
68 10
16 43
83 49
22 81
31 78
7 83
16 38
41 44
14 50
89 73
10 18
64 19
32 58
95 66
31 36
26 68
23 10
33 56
32 51
92 68
90 20
94 74
84 39
12 80
39 38
46 41
11 94
45 36
93 83
12 12
97 36
97 59
8 52
30 23
92 61
20 95
53 43
21 10
96 94
12 78
11 63
20 20
41 94
7 10
34 17
7 91
48 88
43 36
7 29
26 17
84 36
29 89
93 60
88 74
96 64
85 16
65 74
66 27
42 48
82 59
23 19
69 66
1 31
67 92
5 34
11 84
72 67
67 91
79 32
66 19
72 10
95 72
33 69
12 10
3 93
32 55
29 26
54 80
17 77
92 59
79 36
47 99
71 81
3 81
78 30
97 29
63 41
31 34
39 63
54 59
61 57
32 98
17 69
91 37
10 41
69 96
7 24
70 64
40 65
26 99
50 84
97 11
54 24
96 54
11 99
64 96
99 58
85 50
45 71
81 62
36 23
65 15
60 20
85 34
86 23
47 10
57 61
53 31
74 46
27 67
69 88
86 13
48 88
16 67
74 57
97 47
1 89
71 47
9 87
71 73
64 74
3 80
54 60
21 69
3 35
69 32
32 67
30 67
85 53
66 92
59 77
82 76
55 44
2 70
19 38
77 22
73 28
48 82
96 16
35 59
63 62
1 49
14 90
85 32
35 90
7 65
51 50
56 31
96 23
89 11
55 94
27 19
62 83
60 78
32 88
94 77
29 34
16 43
26 88
10 65
66 17
23 83
98 13
4 68
72 80
91 96
78 54
13 67
23 24
40 77
9 10
76 23
19 66
32 86
79 85
31 89
99 37
27 87
48 51
86 27
73 47
89 55
44 27
2 96
1 20
8 47
71 23
26 37
96 75
90 12
78 82
51 52
98 21
50 39
41 73
38 54
37 65
79 88
9 44
29 92
80 15
8 46
60 11
60 83
75 48
51 31
27 81
45 48
74 60
49 35
16 52
59 62
52 18
86 71
22 29
6 49
98 64
5 24
14 90
69 14
15 60
96 49
23 59
57 97
86 11
97 28
12 63
29 87
50 31
55 14
31 71
14 17
36 89
86 38
65 37
17 52
21 84
34 79
63 13
5 71
40 25
95 93
59 49
92 90
9 49
49 29
82 64
6 62
24 36
60 68
47 45
34 99
47 59
89 89
41 55
76 63
85 43
62 62
89 64
71 92
57 93
58 27
17 12
6 36
35 72
60 79
88 57
28 89
91 51
11 66
47 68
36 14
25 88
39 82
29 35
56 49
67 78
91 10
72 38
12 62
93 40
37 35
13 32
75 94
3 57
70 61
67 68
13 10
2 72
90 47
1 76
11 31
59 93
81 20
85 19
92 62
68 69
66 47
44 88
26 14
74 32
60 24
87 90
13 40
10 10
2 87
27 87
68 59
1 47
80 57
87 72
88 52
75 78
44 59
1 85
1 75
45 41
94 71
85 30
14 80
87 62
81 70
24 83
40 10
6 66
65 55
9 68
12 18
79 77
87 67
97 98
93 78
5 99
10 60
42 95
63 20
25 36
57 18
6 25
2 70
34 59
33 78
73 71
48 56
88 58
39 96
49 63
68 33
86 69
65 65
29 54
82 64
52 59
80 51
84 87
5 74
94 41
3 26
7 33
54 12
60 12
59 15
63 23
61 92
70 50
40 17
20 92
62 92
51 24
26 59
66 26
70 16
40 63
14 35
28 90
54 62
97 81
34 96
47 89
81 50
85 48
37 59
80 54
67 13
47 29
86 63
59 84
97 74
74 36
33 86
52 71
53 50
54 60
68 18
5 94
12 35
7 48
79 99
77 14
33 47
18 32
81 31
63 80
48 20
45 79
41 99
93 91
21 13
25 54
88 17
36 21
1 13
56 51
12 74
74 55
69 77
81 22
47 32
78 54
64 30
47 89
48 29
64 55
1 45
54 40
46 25
38 66
75 82
2 78
5 44
27 49
53 30
6 17
45 11
97 87
54 38
22 58
80 51
70 56
10 84
35 85
13 88
6 90
31 11
59 42
45 35
92 76
39 46
7 80
59 32
16 10
98 89
58 39
88 17
15 52
34 18
4 55
80 96
27 79
36 46
89 40
46 73
23 49
49 11
47 36
92 97
21 46
54 89
92 10
46 61
99 37
34 29
46 91
66 69
93 54
30 27
6 21
40 60
69 27
78 47
31 82
70 73
99 20
45 81
8 95
47 18
25 40
41 69
93 13
6 75
87 69
25 93
59 84
82 20
75 15
93 38
18 37
43 23
36 36
70 30
34 67
6 99
81 17
57 24
26 56
59 18
90 39
4 48
57 58
50 84
87 26
37 64
10 76
78 61
8 83
98 48
46 21
62 18
63 71
60 17
68 18
6 23
82 87
23 22
46 13
42 84
43 52
16 81
52 70
69 52
93 55
71 83
69 69
76 58
59 47
93 93
92 94
51 72
38 99
9 63
26 40
79 35
81 97
15 54
45 17
31 82
67 12
3 25
71 11
29 77
54 26
77 66
21 69
18 68
28 76
62 13
38 90
4 16
34 12
88 99
29 18
95 89
97 11
77 90
71 46
23 87
30 11
3 61
16 18
53 76
23 78
52 67
72 44
80 29
34 57
63 82
95 42
23 43
54 67
51 53
33 18
85 92
66 54
33 44
91 72
25 77
88 78
26 38
68 11
96 30
8 75
38 69
78 94
93 52
1 60
55 85
66 20
63 70
38 60
2 25
10 23
23 10
85 16
93 40
11 46
59 86
78 27
83 96
64 31
6 44
96 70
90 52
29 62
25 31
21 43
15 42
76 52
62 95
76 37
44 16
27 48
98 42
69 86
40 39
80 98
84 19
2 32
28 17
26 30
61 92
81 76
51 88
44 20
73 73
17 44
35 60
98 35
67 40
98 19
25 80
7 32
74 84
71 12
12 80
9 81
86 47
89 61
60 83
16 86
15 69
60 78
98 98
48 78
39 79
80 60
21 62
66 56
42 97
56 11
62 99
75 88
35 19
5 31
65 84
37 97
63 55
55 28
37 26
50 84
9 11
29 50
87 73
30 89
76 57
6 65
63 58
71 15
63 41
90 63
58 78
4 10
18 48
51 78
23 14
21 94
96 72
49 13
55 20
16 39
88 93
65 74
77 83
89 54
49 19
5 70
6 19
56 92
1 90
90 85
5 15
26 83
38 14
49 41
24 50
87 71
11 69
77 41
36 43
66 60
94 67
99 25
46 48
82 98
56 75
16 55
98 15
78 70
98 55
33 51
68 57
58 88
97 97
80 33
43 20
90 39
21 65
26 82
87 88
17 93
49 35
63 87
94 23
37 98
59 77
96 98
34 73
85 37
23 24
12 32
76 45
93 84
73 11
34 10
13 80
44 81
64 19
68 59
56 92
9 82
25 34
39 94
37 49
75 77
88 15
5 64
80 13
54 74
17 46
65 40
72 25
90 13
15 23
62 54
16 30
47 35
25 44
52 69
67 94
78 36
13 98
87 18
77 24
99 96
40 41
64 83
93 13
33 52
30 94
73 35
78 44
50 23
7 36
28 80
85 54
95 49
37 36
89 70
57 22
4 89
53 24
69 85
73 27
92 37
60 25
27 47
22 25
65 43
39 26
51 44
26 86
72 20
25 17
32 93
83 89
85 36
86 44
14 28
80 39
41 19
83 88
45 15
96 54
86 50
18 82
7 13
91 24
2 56
63 65
37 54
92 69
12 34
94 77
32 14
55 97
92 85
95 66
47 85
22 84
54 19
56 30
76 52
59 98
23 39
58 64
22 66
90 11
98 29
53 73
52 91
11 73
11 76
14 36
49 52
92 99
55 63
90 18
35 11
78 26
23 60
41 12
99 90
56 99
5 12
59 80
1 72
30 71
6 66
79 15
63 41
73 26
26 45
78 10
60 18
68 20
34 62
61 45
83 21
41 94
39 96
32 23
99 65
70 43
36 52
53 68
98 87
99 83
44 40
2 38
21 79
22 26
38 16
91 53
79 76
66 66
56 62
12 20
70 47
60 51
3 78
21 17
64 31
80 98
40 86
61 65
86 44
4 66
62 39
30 49
94 47
30 12
56 91
62 52
29 97
98 37
58 32
88 65
60 74
97 83
87 62
81 87
22 64
49 85
79 81
90 99
29 21
94 72
88 32
69 41
88 88
58 54
98 31
82 14
88 11
2 20
11 51
8 42
88 49
66 45
12 31
12 84
82 39
2 62
49 36
38 40
59 69
84 82
71 32
54 58
47 37
19 83
74 98
7 80
47 60
35 61
27 13
56 55
51 92
60 81
77 29
97 41
49 71
89 74
64 33
73 55
28 23
44 48
96 92
70 39
51 68
7 88
38 76
6 60
25 93
50 15
64 56
98 64
62 47
64 85
17 56
34 91
24 29
46 79
39 48
8 51
54 95
5 24
9 52
63 19
94 93
29 27
46 87
13 76
99 72
66 39
14 80
52 96
22 98
64 91
12 13
54 10
6 11
24 69
48 48
56 61
48 97
21 69
5 74
36 92
58 77
26 64
88 15
64 32
7 89
11 48
69 78
63 22
52 84
33 22
9 63
33 77
66 37
24 32
69 60
81 48
35 50
50 51
18 78
30 81
59 97
69 36
17 72
13 53
37 78
70 54
94 93
64 83
29 58
8 94
16 42
90 15
19 62
11 25
28 91
30 16
58 65
94 75
2 65
2 94
1 54
47 23
55 15
40 42
15 78
14 39
69 49
21 15
1 64
55 26
92 48
67 73
80 58
14 53
22 66
49 99
78 16
46 90
84 81
75 40
95 50
54 28
98 64
54 86
64 47
4 69
30 17
65 90
94 95
29 62
22 10
2 33
6 17
22 85
27 42
5 15
43 42
16 86
23 95
95 36
93 96
46 76
7 82
72 15
73 32
8 46
90 64
19 81
12 23
2 54
72 54
86 27
25 73
55 81
4 92
68 89
66 99
43 29
36 80
56 20
79 36
96 72
66 67
89 32
26 76
83 79
56 16
1 78
5 10
1 20
51 37
21 11
60 27
33 20
77 88
6 35
79 40
8 80
33 58
24 27
72 27
38 90
63 63
47 30
43 31
55 21
26 51
24 98
46 90
20 95
38 93
36 34
29 99
29 22
22 42
48 20
72 69
8 61
24 72
49 47
99 69
89 57
31 95
66 98
94 91
81 58
73 69
78 12
86 34
18 65
12 29
18 52
42 40
5 84
14 66
53 64
29 92
48 50
17 64
61 85
72 14
68 12
81 77
90 86
7 58
7 71
27 90
5 24
1 10
18 10
58 89
24 21
81 21
49 46
84 11
45 76
44 80
3 93
11 38
49 64
36 60
96 84
37 42
5 68
56 76
5 83
28 34
53 23
9 72
78 35
75 72
73 35
68 88
77 50
57 15
54 45
26 51
63 26
64 16
37 67
20 98
92 46
40 14
48 85
53 52
98 30
84 87
25 28
3 58
61 70
58 87
29 71
18 70
51 22
72 85
39 27
96 67
84 46
61 96
43 95
59 58
41 87
51 99
99 99
4 27
88 45
8 18
14 44
54 99
80 52
74 72
74 76
89 84
55 67
2 92
90 51
64 55
9 28
58 90
22 18
20 83
69 71
35 43
76 70
71 87
38 50
27 44
25 31
97 28
49 43
19 34
70 94
8 44
80 72
41 79
33 74
98 63
84 96
26 84
4 34
4 77
89 53
40 72
95 82
17 68
81 31
20 94
77 21
20 35
99 87
78 35
1 16
87 33
90 18
7 86
4 14
84 70
65 65
64 87
14 12
41 61
46 34
57 84
34 24
31 13
88 13
96 45
13 28
27 84
8 38
54 39
8 57
40 13
71 16
1 73
29 93
59 64
99 78
28 67
80 70
69 73
39 52
68 40
79 13
54 73
37 26
91 44
68 38
97 57
86 64
95 19
11 90
61 93
76 66
80 21
80 61
58 64
14 28
15 19
32 21
6 61
45 60
87 70
61 73
78 37
59 23
41 60
53 51
28 99
80 94
5 67
21 29
17 66
46 51
4 55
25 60
15 71
73 89
57 17
81 12
2 83
11 26
80 89
70 92
42 60
91 32
43 79
8 30
64 97
47 75
46 28
31 48
9 60
33 85
66 92
49 27
82 14
36 54
99 23
97 63
80 88
55 40
80 53
71 78
14 17
92 21
5 11
50 49
16 95
11 46
24 83
4 64
34 12
96 29
32 11
94 54
17 54
92 60
52 26
63 15
77 90
34 93
88 19
1 69
57 38
62 28
84 13
7 73
67 65
31 12
60 30
41 70
23 49
95 54
37 71
56 25
62 83
93 89
50 13
24 48
52 22
15 86
55 90
43 56
86 68
47 69
12 28
38 82
68 95
29 28
62 16
45 23
74 58
68 15
91 10
83 65
19 68
68 72
85 27
19 52
97 54
27 56
62 64
11 80
17 86
27 24
3 89
45 59
15 12
22 11
61 15
62 40
71 99
96 38
72 27
61 35
99 93
22 37
31 49
5 99
31 25
1 97
77 91
98 38
82 75
95 65
54 23
68 19
18 24
41 65
60 43
21 27
88 13
56 14
89 20
87 35
68 46
28 81
57 56
63 85
72 45
96 13
13 42
31 76
66 22
19 95
41 76
67 50
59 45
26 18
52 46
47 54
85 38
60 38
55 39
23 76
79 43
8 95
26 19
98 75
23 54
18 12
52 73
97 26
4 85
1 31
81 52
97 34
37 24
21 30
33 37
80 13
89 10
85 31
29 22
46 64
86 32
96 92
80 79
23 57
9 54
17 82
84 93
70 49
69 59
7 85
99 83
64 33
90 46
52 36
5 92
65 37
56 57
87 95
56 20
82 15
59 23
90 24
22 56
22 26
30 46
83 91
10 62
22 27
66 75
9 96
83 87
73 49
26 11
91 26
58 31
35 90
35 63
3 37
92 80
28 19
63 18
91 34
66 91
22 93
94 80
23 25
41 99
9 65
87 74
87 66
12 83
62 31
17 51
10 54
48 23
87 27
8 28
41 47
17 17
57 30
55 53
36 61
99 68
30 19
30 21
18 99
90 19
66 16
80 28
38 52
85 82
24 73
1 96
16 22
59 26
42 80
20 51
61 90
32 67
20 46
39 93
5 18
13 74
71 39
94 29
89 34
47 20
75 53
76 87
69 59
35 39
12 17
58 37
85 55
53 96
82 44
96 35
37 47
46 61
25 64
31 74
32 39
25 86
10 55
66 58
28 24
36 25
23 81
40 38
64 91
28 15
41 41
81 74
79 54
4 13
94 75
55 84
11 39
55 21
13 39
97 48
91 89
95 79
55 94
28 93
28 12
66 10
45 97
69 16
64 57
44 66
72 92
30 65
40 55
23 60
90 75
92 92
30 86
99 58
11 90
85 35
75 49
27 80
63 34
34 79
97 94
74 65
67 89
14 74
7 47
60 20
77 97
75 19
86 87
77 19
12 61
67 53
81 70
15 13
86 67
45 35
60 59
50 43
18 61
64 29
68 11
41 99
22 67
63 38
73 86
7 75
4 24
31 33
89 85
79 91
28 80
69 77
1 62
69 69
75 44
35 46
58 53
95 82
98 66
71 30
78 31
11 81
53 25
27 82
17 66
22 62
21 98
70 62
40 62
83 80
20 15
75 11
75 69
91 80
5 52
11 84
57 87
61 38
49 56
6 41
50 71
83 79
24 80
8 47
73 51
82 33
51 76
33 29
96 49
50 20
56 65
91 76
41 68
76 50
4 63
10 77
51 38
60 72
16 96
41 63
65 69
11 97
90 88
53 46
67 43
36 73
93 45
20 79
32 40
21 86
45 94
84 33
52 23
89 76
95 88
21 48
54 82
54 35
81 35
74 61
6 15
61 70
78 22
96 96
3 77
5 57
32 85
69 46
56 21
56 81
86 26
1 98
50 96
51 10
89 48
36 89
1 96
83 70
92 74
24 22
99 15
88 90
39 58
97 11
40 68
93 24
32 88
29 50
33 67
79 10
1 75
71 98
16 42
13 46
43 49
94 18
39 98
76 74
64 96
5 60
50 51
83 30
1 47
48 60
56 65
70 84
26 33
14 84
83 33
98 43
56 74
5 31
10 54
21 16
28 28
20 64
7 65
48 30
76 61
3 23
46 13
99 43
94 42
90 80
9 11
43 21
79 75
44 36
73 20
22 53
71 94
70 27
3 66
63 37
72 50
29 82
98 66
88 70
60 91
26 69
69 32
91 75
85 63
97 33
63 48
23 81
59 97
79 86
98 34
49 34
18 63
63 36
82 34
8 44
97 84
44 63
17 12
38 62
67 31
51 71
83 70
19 49
76 69
67 35
32 96
73 28
69 94
38 64
40 38
71 52
3 75
63 86
69 71
24 55
37 67
84 39
12 46
49 78
30 82
51 77
10 23
47 63
98 76
81 42
81 40
46 25
93 56
98 65
22 26
35 61
33 33
76 46
93 38
1 13
50 36
48 75
9 91
36 32
7 66
20 59
92 62
39 29
12 47
63 84
38 59
6 49
14 98
99 65
53 94
6 51
87 67
66 31
82 61
42 56
11 76
77 35
29 48
8 77
20 97
68 38
56 44
19 12
57 13
28 85
80 78
46 89
17 74
15 54
51 83
24 88
52 47
73 31
19 69
56 25
99 33
19 14
82 62
2 54
68 96
27 41
40 78
47 48
31 67
98 26
13 89
81 47
94 41
24 51
63 65
36 30
58 69
19 33
99 53
28 62
68 80
63 96
68 46
84 66
48 99
20 44
30 15
63 36
21 87
42 50
33 73
44 24
25 96
67 86
59 81
20 37
5 83
97 73
72 53
80 40
6 67
77 58
45 45
65 50
39 39
40 85
73 10
23 67
47 22
62 83
86 48
47 16
45 83
91 16
34 15
98 78
66 11
65 51
65 97
28 89
79 81
24 89
98 72
67 51
96 81
97 73
76 91
24 76
77 82
98 84
2 67
57 57
12 73
77 34
72 59
41 18
89 49
97 97
96 69
13 99
68 81
65 42
97 96
14 44
16 32
70 30
2 28
18 79
45 87
4 66
23 94
41 85
44 93
62 21
28 89
44 97
76 50
52 12
88 91
26 65
90 15
59 89
27 13
86 71
94 79
29 38
40 70
10 53
35 39
18 60
22 88
96 46
59 32
42 42
64 19
15 34
59 47
10 74
47 59
21 32
7 46
36 78
25 43
76 58
80 11
56 89
84 38
45 81
74 30
19 34
6 60
84 74
96 86
65 18
99 12
23 48
51 91
6 61
44 19
20 11
17 80
70 31
87 65
18 90
5 84
58 28
69 58
86 59
4 57
66 80
96 79
40 78
22 82
16 86
40 60
60 27
6 88
50 90
79 26
85 99
50 81
36 90
80 77
15 88
99 62
50 68
21 46
70 22
31 14
38 96
25 40
68 94
26 65
77 72
80 11
68 53
37 22
27 49
43 33
15 14
28 83
51 43
27 36
55 89
14 95
44 78
86 85
62 33
84 15
38 83
79 56
34 63
13 51
96 39
24 47
76 86
53 32
96 78
41 81
84 59
30 33
99 43
80 68
7 72
5 56
10 69
39 37
93 45
44 70
13 41
69 14
37 61
62 53
19 90
61 90
94 27
56 92
72 46
35 70
11 94
35 52
68 35
95 54
8 69
23 91
38 93
91 48
80 60
61 40
39 56
60 76
70 22
95 44
22 84
52 47
34 43
44 21
86 85
52 55
84 48
60 88
32 54
78 92
39 80
83 95
79 51
78 19
42 27
70 62
5 84
6 54
78 64
22 87
35 12
89 24
74 30
89 64
50 23
88 60
89 73
78 95
59 14
28 86
85 49
27 62
78 30
37 11
96 56
83 39
81 79
58 71
82 84
68 39
46 25
53 58
57 78
21 32
92 22
99 61
25 42
29 11
92 95
65 54
88 53
62 87
87 65
76 73
53 49
74 89
72 47
73 72
14 10
7 36
92 74
48 85
32 95
68 72
98 45
78 77
97 36
16 84
13 39
43 14
82 62
7 43
73 93
24 10
78 16
53 72
65 30
4 94
24 50
54 19
38 58
35 18
16 91
23 37
17 94
20 23
11 30
86 43
95 28
52 79
16 55
1 74
20 61
67 31
66 43
21 88
56 55
69 16
82 97
81 48
53 15
46 69
26 77
58 65
77 22
75 93
40 64
10 64
57 96
15 79
70 87
20 11
93 71
83 71
82 28
17 83
72 53
31 72
64 78
86 57
58 92
81 69
9 78
64 44
76 88
89 71
94 27
29 96
83 30
56 42
51 91
73 71
23 70
55 74
7 37
58 60
72 34
36 44
28 20
68 19
74 42
9 72
44 26
47 66
60 40
31 70
66 67
15 39
49 15
74 52
82 95
82 80
51 13
70 22
50 83
51 57
46 78
63 80
71 95
92 20
53 64
31 91
53 43
30 57
91 80
10 36
67 54
90 65
23 66
89 22
77 55
58 63
78 71
12 44
74 98
9 92
91 32
46 49
87 56
30 44
92 31
61 59
82 15
36 78
12 91
71 17
55 31
64 53
60 37
88 24
2 29
58 19
94 63
41 18
88 81
45 58
83 27
96 45
99 29
92 39
42 85
67 14
76 56
59 20
74 19
98 41
43 86
27 95
87 58
48 30
23 35
29 91
98 83
57 17
34 94
57 84
32 96
95 48
83 97
58 47
4 85
18 49
41 58
23 24
84 16
78 36
5 44
58 69
66 59
54 43
47 65
47 25
97 27
52 13
61 95
96 98
24 82
95 43
80 31
74 74
3 94
8 48
94 99
29 56
14 36
72 31
51 82
5 62
51 68
98 16
46 85
35 67
10 57
51 39
95 45
34 21
50 15
87 97
1 43
61 50
62 48
70 23
3 70
89 64
3 16
74 95
19 68
52 57
33 97
78 90
65 80
74 18
38 62
41 57
77 25
95 98
33 58
73 97
6 65
89 46
57 56
86 78
7 66
51 40
61 55
39 28
19 55
88 99
69 43
63 39
26 30
95 80
42 70
82 90
10 50
8 34
22 21
17 75
84 40
55 93
60 79
70 68
29 18
97 31
46 37
20 85
94 95
44 99
3 23
70 52
13 48
71 91
92 82
16 52
74 14
8 74
91 96
82 92
17 40
36 79
66 93
51 85
80 19
52 36
27 88
80 72
59 12
31 51
69 58
11 11
46 94
81 50
16 52
51 27
51 57
67 95
28 14
64 64
23 80
44 47
20 85
28 95
40 33
60 50
44 98
94 96
13 99
62 23
85 18
30 13
46 42
72 57
22 81
42 88
11 45
71 78
86 71
1 83
95 50
49 84
11 90
38 95
39 32
61 35
55 16
43 34
62 90
56 45
38 75
41 42
82 88
7 87
29 32
58 46
8 34
16 67
54 61
79 29
33 27
14 71
75 11
85 16
11 38
45 27
61 75
84 74
19 46
46 92
43 79
33 27
11 83
95 75
59 66
31 26
50 94
73 71
90 86
23 31
44 57
87 58
76 37
71 51
50 63
3 34
26 12
25 97
81 54
48 95
10 12
76 98
94 62
18 76
44 95
96 78
65 68
52 77
62 90
71 77
52 50
16 59
67 90
14 14
47 24
54 77
81 14
71 77
17 91
46 92
77 15
16 95
25 16
33 34
95 62
25 26
49 32
46 24
57 92
42 85
79 90
18 80
51 63
42 31
12 84
78 52
27 22
65 71
17 87
41 22
51 94
45 51
10 79
73 43
79 75
32 48
98 53
62 39
91 72
90 52
24 90
58 24
25 73
98 92
85 22
14 69
99 74
19 95
52 12
3 37
18 66
70 21
69 70
34 74
70 85
84 84
44 88
49 22
4 68
41 47
19 59
9 55
6 96
2 26
40 67
59 26
51 92
25 60
7 84
3 95
53 97
71 22
10 81
39 80
91 22
94 84
56 26
5 72
37 48
24 15
84 45
89 62
55 76
26 85
70 75
57 32
4 33
61 60
4 42
35 96
12 84
27 59
78 46
3 72
53 95
85 24
44 54
64 66
4 24
80 44
65 44
11 31
81 30
44 68
59 50
67 95
86 51
81 29
18 90
26 40
13 79
60 10
22 59
73 70
65 97
68 19
48 31
97 87
43 15
76 33
53 33
87 36
33 66
71 84
49 80
20 88
71 66
91 83
69 57
30 59
6 18
39 30
18 18
72 56
41 13
91 87
11 54
70 93
66 93
83 83
98 68
52 69
78 67
95 18
84 82
69 34
91 98
14 27
22 28
14 96
27 85
89 12
3 27
12 27
99 47
75 84
37 39
10 80
84 20
61 62
15 16
48 57
81 46
86 13
54 14
22 45
47 70
45 74
48 86
29 90
41 58
76 18
81 15
4 59
36 92
50 61
50 54
44 29
32 61
24 16
58 68
17 27
46 15
5 46
15 22
60 18
96 29
90 13
97 63
67 62
73 28
92 80
29 56
59 55
98 84
62 14
20 36
43 34
63 74
87 96
11 38
69 21
67 68
87 73
96 78
55 17
38 64
93 97
40 95
13 16
32 31
12 91
76 65
67 90
38 98
81 60
98 84
39 13
56 38
15 30
35 23
41 36
63 92
28 77
14 18
54 13
79 15
53 35
8 85
74 71
6 56
50 65
83 68
71 97
56 42
90 42
22 33
27 22
84 59
44 68
29 48
44 84
87 86
40 85
43 39
72 73
94 31
25 25
19 19
98 53
62 94
2 96
6 49
30 82
33 31
61 92
14 10
74 10
95 68
97 90
58 82
96 20
37 52
14 50
4 77
66 56
64 85
11 59
89 20
92 88
31 87
71 89
41 31
53 95
44 92
24 12
76 61
95 97
56 16
93 28
85 67
45 50
48 23
50 91
16 30
78 23
6 92
38 63
32 78
12 21
67 43
84 18
66 27
46 20
73 20
12 43
57 42
28 12
1 41
26 99
79 86
74 17
78 29
95 18
52 76
5 50
97 30
23 50
43 67
45 31
9 14
91 48
60 51
31 38
98 27
13 59
19 87
86 36
63 11
53 22
16 61
8 18
65 96
52 86
73 22
10 24
79 79
26 24
80 27
88 88
23 98
59 41
21 18
46 94
76 73
86 70
83 24
17 87
94 43
53 34
63 55
81 11
95 53
78 81
53 21
60 45
45 31
86 61
20 10
2 41
30 44
48 14
63 70
52 75
11 94
85 34
72 68
21 65
68 88
86 84
61 26
26 20
40 93
87 15
96 42
28 38
31 35
61 94
10 78
55 12
31 22
77 74
4 20
13 87
5 95
59 17
29 64
87 77
72 47
25 74
76 27
19 21
84 10
20 54
25 49
86 74
73 19
27 73
7 77
65 21
7 99
76 14
34 22
68 23
9 49
37 90
34 20
93 35
91 80
90 34
57 12
35 78
52 27
7 81
80 73
2 28
75 72
91 41
97 72
16 74
13 10
28 44
90 11
87 75
52 89
13 96
99 28
4 74
76 17
62 97
68 59
76 24
9 46
28 92
86 74
94 20
41 64
81 43
15 15
64 83
61 23
94 10
96 22
23 66
54 16
7 66
63 28
58 55
98 40
82 34
20 19
97 59
51 21
46 39
21 90
6 29
12 78
19 90
36 26
43 62
88 64
30 40
2 18
40 19
38 56
23 21
56 90
35 45
92 72
48 24
69 68
15 91
92 44
40 56
54 39
37 48
82 65
89 45
69 80
39 34
13 23
87 74
7 77
39 52
18 88
79 22
70 56
18 41
89 74
84 49
33 79
96 23
33 40
17 99
98 42
91 54
9 94
91 61
28 48
65 14
72 82
11 89
77 53
65 56
86 33
49 39
3 20
40 10
34 51
17 22
66 42
56 98
8 70
16 67
22 36
92 70
99 67
79 52
94 55
26 43
64 68
4 28
40 35
5 91
77 95
63 93
99 55
15 92
88 90
18 30
39 21
17 44
39 19
97 28
69 21
90 66
96 97
90 58
67 67
51 99
53 33
4 96
72 18
70 21
24 39
23 92
75 78
61 49
28 40
45 83
98 23
72 22
60 55
20 39
55 88
60 80
46 20
56 38
2 56
46 82
88 10
31 84
75 68
67 74
1 87
81 62
26 16
10 29
25 27
81 78
22 25
36 30
38 67
13 23
54 92
90 43
51 55
16 37
30 76
99 15
87 44
30 93
40 34
58 65
56 24
29 40
29 98
4 51
8 54
34 32
44 58
70 68
75 63
16 37
74 15
44 24
17 32
89 78
77 90
98 42
22 93
93 25
88 26
10 39
32 50
56 67
31 98
76 96
28 56
50 89
94 22
12 77
11 86
32 45
22 33
31 92
80 60
74 60
59 97
25 70
83 77
84 85
22 51
22 90
63 18
3 55
23 94
29 14
92 43
97 42
3 26
77 12
91 21
45 37
44 88
40 14
32 28
97 68
70 47
39 56
44 12
33 29
35 77
50 72
81 96
1 80
98 76
85 94
9 61
51 40
95 94
66 28
46 67
46 29
75 57
84 13
18 91
73 43
55 26
49 71
90 45
30 97
34 55
20 27
84 82
7 41
11 59
41 36
84 63
50 24
88 18
37 53
39 43
24 51
58 43
19 35
33 83
41 78
78 36
71 72
67 31
2 16
36 45
20 80
13 85
7 56
1 67
94 72
52 60
59 67
60 66
81 28
17 63
63 28
50 41
49 85
4 75
95 83
63 59
81 74
86 46
78 55
55 21
81 38
3 91
27 35
29 82
72 56
48 66
99 91
15 50
85 24
36 57
22 20
31 51
26 26
57 99
4 89
38 94
38 33
32 44
44 33
74 98
57 83
31 20
23 67
82 44
35 95
3 98
83 10
26 20
75 94
80 38
92 70
86 71
31 65
76 24
99 70
57 80
16 89
61 69
79 82
13 72
75 50
39 27
56 89
79 67
74 14
2 74
25 40
80 54
48 26
71 81
57 16
82 26
54 86
39 19
84 98
11 11
3 54
80 42
87 38
71 63
89 83
64 86
57 73
51 78
97 86
47 47
49 51
4 39
98 44
55 96
29 20
28 68
38 43
56 38
97 66
29 13
10 24
13 83
11 13
72 35
12 14
34 46
81 11
22 87
1 56
2 79
73 75
65 91
23 58
91 93
78 23
25 36
41 21
84 85
84 89
68 34
40 50
57 42
32 50
82 11
28 56
64 81
50 55
65 82
22 11
13 75
92 77
80 25
19 41
16 90
47 19
6 44
60 35
37 50
49 84
80 12
75 14
27 40
65 71
26 66
20 15
39 53
74 77
60 61
96 60
37 94
40 31
2 54
68 96
93 19
56 61
53 73
56 42
71 37
93 59
81 89
23 44
86 46
33 72
80 24
47 28
78 63
73 79
22 93
82 53
43 41
43 52
91 37
8 76
72 94
85 31
23 62
63 14
71 11
46 68
2 69
69 91
66 80
33 87
72 39
43 90
97 41
75 75
28 37
88 22
9 69
60 93
81 34
89 46
5 35
65 80
30 39
83 59
23 73
77 97
15 85
11 10
68 73
92 85
45 66
76 84
47 74
10 27
37 51
77 44
94 54
12 12
23 83
29 77
68 11
32 89
48 88
72 67
59 51
99 68
69 56
76 29
60 25
99 20
19 55
21 21
45 32
82 42
78 14
69 25
20 87
95 87
27 31
32 38
75 87
80 67
75 74
10 49
10 81
63 14
98 81
35 29
58 75
42 48
48 49
89 14
90 52
44 54
46 27
18 79
16 71
85 49
86 30
25 81
59 86
13 80
1 33
61 63
32 40
30 92
24 69
95 81
90 69
19 68
51 37
79 23
79 22
39 96
70 46
87 97
68 61
24 55
88 28
58 57
64 77
56 18
50 81
18 46
28 63
36 74
34 46
88 80
60 70
38 75
42 23
86 16
91 91
49 63
79 15
10 71
46 40
1 66
16 42
6 19
6 85
83 45
31 83
40 74
47 21
50 52
65 62
36 61
80 10
14 22
36 14
19 21
67 55
21 47
54 28
31 64
26 38
19 78
28 45
46 25
30 85
15 47
48 19
67 34
87 64
12 22
64 53
13 47
13 35
40 91
51 62
87 85
85 26
77 28
58 22
46 76
91 27
46 27
47 84
36 50
56 47
11 53
21 14
40 32
67 84
58 82
35 11
93 39
81 26
58 67
98 43
97 39
15 52
24 58
65 12
19 75
31 99
50 15
8 97
69 88
11 13
43 34
81 56
85 88
2 30
39 32
76 13
84 55
77 83
7 90
53 29
16 91
53 93
40 36
75 75
93 72
18 76
37 67
16 42
23 50
39 86
66 66
62 37
6 92
54 17
22 81
7 54
46 63
57 49
64 97
17 28
26 88
64 60
52 87
6 55
87 76
75 71
57 65
76 80
90 69
19 42
66 45
69 38
53 35
78 78
77 28
77 65
4 65
20 26
75 32
70 80
85 66
95 12
4 64
87 37
80 32
39 14
14 21
32 50
2 21
47 88
5 55
45 64
80 63
52 83
63 37
71 83
38 39
77 35
69 45
4 39
46 63
81 28
5 76
32 19
78 63
91 15
47 72
58 33
39 84
27 98
44 93
22 45
95 64
97 45
86 92
89 50
79 93
8 90
56 46
54 74
90 67
36 78
72 25
99 87
80 89
3 68
20 74
78 82
26 43
28 72
62 71
51 79
90 85
79 91
55 70
28 40
69 34
3 94
25 52
99 25
27 52
39 18
62 27
46 61
22 19
40 75
76 57
39 68
15 45
51 16
58 46
33 17
65 38
7 15
19 65
35 47
23 88
91 14
17 68
76 77
94 58
97 54
77 68
58 15
7 98
77 78
98 14
92 76
54 54
66 75
39 21
30 17
36 57
11 57
98 39
66 73
78 95
68 58
87 71
53 25
45 34
9 84
76 26
81 41
31 42
93 11
43 66
55 92
56 48
45 94
97 38
62 16
32 70
10 58
99 52
20 51
28 43
90 38
67 80
15 30
12 57
95 51
61 33
30 40
91 89
42 22
72 77
56 98
33 81
78 66
81 42
99 87
80 85
68 83
17 47
60 30
39 15
77 88
96 69
18 92
76 64
43 36
57 33
87 90
82 50
32 45
68 23
79 77
42 62
83 95
43 77
29 64
72 60
44 43
20 60
30 69
63 65
86 93
54 78
41 73
3 41
18 67
72 83
94 94
80 80
71 33
36 15
81 74
95 74
94 73
79 38
26 90
31 40
11 96
40 71
50 66
36 64
86 75
72 81
29 36
82 15
70 21
58 77
23 58
13 86
24 69
90 60
9 52
75 72
46 70
61 79
93 30
51 51
81 29
23 10
8 34
57 45
8 76
42 90
7 45
53 56
26 76
43 31
35 52
19 81
26 92
40 14
98 52
34 93
45 28
48 66
10 86
35 37
15 31
93 78
32 93
62 69
90 61
97 91
1 47
1 18
73 60
65 16
38 87
95 94
15 19
47 28
57 26
69 43
17 62
90 97
47 27
15 70
6 24
86 21
52 23
86 73
14 11
2 69
33 86
66 14
27 63
84 72
18 74
34 84
33 76
80 56
44 64
2 25
54 22
17 31
81 93
61 89
68 34
83 17
48 80
3 33
14 93
6 50
9 48
26 17
86 31
87 96
64 97
36 50
19 25
63 65
31 58
31 32
55 38
20 97
1 15
76 85
5 58
21 22
92 75
64 15
89 10
4 13
94 43
55 77
74 63
73 21
85 75
28 96
86 82
87 35
49 62
87 46
26 41
14 84
81 40
87 13
58 31
92 86
70 43
19 16
96 97
69 21
78 21
1 42
74 70
39 34
3 48
54 12
99 76
43 16
29 24
60 63
99 63
91 17
70 98
6 60
56 22
44 35
89 39
25 36
28 21
94 90
14 32
18 13
45 26
35 60
42 79
64 82
21 95
10 52
26 42
18 82
24 64
60 53
47 58
93 99
50 13
51 12
86 23
42 38
79 84
90 60
70 90
8 93
26 74
28 55
9 32
79 88
61 11
54 28
25 27
24 13
44 29
74 30
68 34
10 97
18 99
80 69
10 88
17 80
15 73
97 74
42 68
37 97
33 46
33 28
44 33
55 27
8 35
4 50
52 60
29 47
68 54
50 83
8 18
42 48
84 10
44 29
95 10
57 87
96 33
78 62
73 94
49 99
38 96
48 89
82 92
29 79
39 46
15 39
52 69
54 51
29 16
62 40
82 21
29 68
8 49
41 85
26 93
84 11
26 43
88 17
49 95
58 21
36 44
61 90
83 75
47 77
40 85
22 17
66 14
66 82
21 27
43 11
63 19
70 31
61 25
82 13
84 55
90 39
57 34
50 70
86 29
38 48
4 50
61 47
56 49
98 23
82 96
81 24
94 11
30 37
32 31
52 21
74 77
20 26
3 35
12 99
92 95
59 25
6 63
93 94
9 22
84 95
41 93
24 13
76 36
11 84
18 99
98 14
47 36
62 37
67 19
50 76
79 58
74 16
29 31
1 64
27 56
98 85
39 27
8 75
9 15
85 22
2 88
88 14
78 15
55 40
41 76
39 18
75 76
63 48
49 77
40 75
59 25
42 63
17 57
46 52
42 97
44 76
58 22
65 51
92 63
60 56
13 71
27 71
51 74
27 90
42 87
38 89
4 28
34 76
12 23
20 15
70 76
2 56
63 27
40 23
60 46
57 33
70 65
32 46
26 25
91 82
81 69
93 26
5 90
18 89
57 44
84 80
40 77
91 79
85 70
1 48
97 79
49 65
92 65
45 61
67 87
4 57
36 78
79 18
51 26
57 30
84 29
67 97
38 61
74 41
93 10
3 89
69 96
63 82
61 44
28 98
87 37
33 88
69 84
37 42
80 19
40 27
19 67
66 58
2 25
28 26
51 54
75 56
84 12
47 46
51 70
17 69
47 11
67 32
46 36
82 22
78 34
72 57
88 45
52 89
15 14
52 77
20 39
21 59
3 17
69 65
36 84
17 12
52 20
19 32
27 79
2 97
74 68
86 63
12 38
66 58
7 85
72 86
58 61
10 87
28 76
19 68
84 51
6 91
58 22
24 78
66 18
52 85
47 41
34 89
10 91
23 57
56 73
33 62
19 14
88 62
11 14
12 53
64 69
34 65
63 78
36 25
20 74
68 91
22 32
87 52
94 77
10 35
85 30
98 70
57 82
71 13
51 28
81 21
39 76
24 62
17 43
36 47
36 46
48 12
70 29
44 58
79 11
83 48
68 29
61 98
19 28
49 39
93 19
86 21
68 55
69 85
12 38
21 40
61 27
68 24
11 76
22 97
73 15
73 35
19 92
30 79
51 14
80 44
29 81
3 49
11 13
35 75
91 76
12 70
41 72
75 72
9 70
57 77
82 80
80 37
5 10
37 84
95 62
98 11
97 67
31 39
19 10
60 88
43 76
55 31
17 65
86 46
76 10
16 44
9 45
80 46
38 53
38 26
91 40
7 24
85 66
94 43
44 28
53 40
2 29
15 21
25 45
90 60
73 50
77 68
52 59
18 78
73 78
9 22
76 29
79 32
25 97
39 75
36 92
94 75
49 29
76 30
1 55
52 69
5 82
50 87
9 13
9 17
20 56
46 76
82 63
67 83
94 22
27 80
37 80
39 75
14 11
51 32
75 96
3 61
26 45
59 64
71 34
45 41
28 93
70 99
39 15
87 27
23 37
49 28
89 91
11 69
71 64
67 82
77 25
48 72
34 95
53 81
31 15
84 99
97 54
25 59
74 69
34 74
80 70
15 34
33 64
8 99
45 19
81 60
32 83
66 64
78 41
5 83
74 38
61 79
73 15
72 29
11 90
68 40
89 15
56 44
4 68
97 71
4 25
66 70
62 15
6 47
51 26
5 47
84 70
81 77
50 99
98 51
69 61
25 27
16 51
24 65
31 28
22 16
63 63
17 56
85 49
88 64
91 17
67 61
43 82
19 61
65 82
11 98
68 79
13 95
75 50
97 23
46 82
92 94
88 80
53 14
19 70
8 80
89 37
31 85
27 19
25 11
8 63
39 71
22 23
10 67
27 85
72 64
74 41
94 40
87 52
17 58
75 23
27 25
78 47
52 99
12 10
18 41
10 67
34 22
39 58
67 57
79 88
67 15
39 13
83 69
19 66
68 68
64 49
84 50
39 32
13 45
68 52
91 31
52 81
69 14
31 41
9 43
85 15
24 92
59 67
88 69
85 77
91 35
90 55
87 49
98 22
13 50
64 88
9 77
62 18
38 75
99 34
26 39
50 60
5 14
54 11
9 73
37 76
93 80
59 70
19 50
34 68
77 36
65 93
6 33
13 24
60 62
50 34
88 87
18 57
96 48
33 78
17 43
73 70
1 15
70 77
28 27
65 14
52 23
33 78
91 52
25 86
72 73
78 74
34 77
85 83
3 72
10 63
56 52
36 20
63 17
21 91
42 72
62 56
5 79
27 79
45 58
69 42
35 37
81 63
71 41
95 47
54 73
91 55
43 42
19 17
54 50
6 57
55 36
39 95
25 42
2 83
18 15
57 40
33 21
51 94
83 31
37 94
2 78
79 23
64 93
59 82
65 12
14 51
37 89
59 52
23 20
11 15
34 83
51 81
68 32
76 46
25 37
45 22
16 62
78 51
79 97
42 22
12 96
35 18
26 56
32 69
33 29
5 28
88 20
61 30
67 11
45 88
22 12
2 34
92 24
84 68
21 26
98 99
32 16
53 95
35 91
12 42
11 61
28 17
49 66
41 23
79 40
39 61
69 16
38 95
46 80
91 39
90 25
10 88
84 21
50 99
46 91
5 12
33 98
24 23
53 35
94 88
73 34
38 38
40 59
29 18
16 47
92 67
64 37
97 58
51 63
3 71
17 76
57 17
96 41
33 99
13 60
68 88
42 55
20 11
73 93
99 24
61 21
75 86
88 28
38 40
32 37
87 68
74 24
69 74
25 98
92 77
12 25
60 12
98 90
57 29
83 20
19 77
65 48
28 74
82 63
49 73
53 39
76 11
16 28
82 44
59 70
38 84
5 38
13 62
78 87
21 79
57 44
5 22
29 34
29 63
36 14
96 60
63 21
38 42
15 37
87 78
65 52
96 29
17 47
16 31
41 97
79 74
49 33
21 63
79 89
59 73
13 19
94 42
28 61
40 58
13 31
23 97
29 79
97 99
48 44
6 83
62 41
96 69
88 76
76 99
63 93
94 27
46 88
3 73
38 93
43 73
26 15
70 74
58 62
66 75
68 57
65 90
46 49
32 54
77 21
31 74
51 48
8 37
44 87
28 72
7 87
8 63
41 55
63 80
82 95
23 56
19 60
25 20
15 98
46 60
88 38
88 35
32 86
69 60
83 82
24 71
67 41
90 17
15 49
79 59
54 63
87 55
16 39
63 74
13 32
91 63
66 31
1 69
20 93
46 15
15 11
91 67
76 80
45 70
80 13
44 66
49 48
72 59
43 40
4 18
8 72
23 58
26 54
66 21
51 86
1 25
60 95
78 70
12 84
21 92
38 23
27 15
60 81
92 76
60 32
16 25
88 42
86 97
57 91
29 62
79 21
92 69
13 72
78 46
72 71
65 13
63 77
49 31
8 48
54 45
95 41
20 27
65 63
29 53
20 80
81 98
85 70
81 76
38 56
33 71
79 83
22 60
3 21
74 96
29 52
64 58
53 11
79 83
70 92
92 47
46 61
64 80
69 73
20 93
74 13
31 92
78 22
33 43
73 39
16 42
87 33
26 27
3 32
6 14
59 58
17 36
40 37
60 96
52 94
60 11
32 47
7 73
32 92
36 59
64 42
32 16
64 70
37 19
93 30
58 37
7 86
38 13
76 52
5 70
80 54
48 52
91 24
42 35
29 71
64 93
40 80
30 98
65 17
95 23
41 61
41 33
12 66
88 94
4 67
75 57
19 62
32 75
5 96
66 93
77 55
51 32
32 55
62 39
19 83
94 69
33 49
7 99
