1000
 12622 17874 24303 16263 18980 21647 26683 16223 17072  8433
  1596 27686 30521 25848 24195  6779 23032 14790  5689 18743
 25454  5799 25870 14485 23803 16718 21619 31894 14763  4962
 32521  3747 29011 14649 25689  8820  4573 19939  9413 16946
 31456 30826 14782 30168 30580 28248 32312 31199 10820 32634
  7003 18714 32740  3812 11644 32223  7013  7477 13643 20071
 28967 18460 10574 10359  1007 25371 15246 12352 30777  3467
 10128  9861 29136 27105  7302 31227 28571 23087  6087  2037
  6586 26094 17277 20544 13778 11514 11677  8268 13732  3038
 27421 31117  5093 21842 31585 14113 29513 17666 32758 14003
 13282  3985  7298  2207 29352 13278  4859 27479 10073 29062
 28696  5637 21635  2218 23557  5746 32222  9970 25435 17958
 22752  9681 19535  6865 27532 32267 19498 21993  3467  5237
 12537 22421 32637 17404 21381  6346  3217 18665 25989  4275
 27219 29028 28691  2391 19142 14134  5725 10102 21683  9939
 28829 10675 30272 14231  4939  8953 17860 31056  5776 13335
 25818 15101 12799  2221  6581  3797 16512  6988  4787 20363
 16524  1241  2100  2769  9376 23346 12460 29979  2027 25364
 15095 19109  6986  6461 17133 16823 24183 22221 29751 29224
 31102  5362 20321 22049 19056  5060 17711 18467 31578 26734
  7221  8779 13432 13967 21666 25301 16039  6368 32349 31200
 10777 32022 13651  9328 19788 30474 14351 30905 12349 20247
 19595  1947 14297 20419 26437 14185  9652  5794 18582 15342
 16381 27768  1087 20402 13746 26782 10053  4729  4880 25511
 28672 12557 23118 32066 19566 14909  5258 14690  4813 17702
 28420 30877 10344 19633 14474 20434  2737 25693 21299   783
 28304 10815 28240 10162 27131  6727  7328 12750 23495  9924
  6851 28880  1469 14890 23025 16226  3313  1555  8940 27279
 21583 17285 25907  5160 25975 18547  1657  5223 23499  5766
 18005  7891  1477 18205  2619 11875 12431 30866  9643 31974
 20941  8383 29352  2466   957 26816 20076 29500  1923 30203
 20058 10456 16830 17502 16692 13952 25951 30184 20622 12490
 16571 15211 22147   949 24799 14992 15270 10453 32547  5403
 28987  2224 27906 30064 23464  2919 29224 17494 16678  7321
 20685 27644  4284  9860 25666 19514  5486 18541  3529 17432
 27058 19522 25514 29844 16163  8063 22147  8352 20089 21326
 16608 20075   953 26610  5387  3553 15017 26469  7462  2165
  8071  4928   374 15902  2042 10716  2306  5023 22601  1719
 18525  5644 18635  8729 12992  6026  8095 13303 16731  2390
 12956 32279  9453 14089 17803   373 13715 18202  6292  8934
  5341  9380 15095   763 13863 13929 30205  3368 16679  1816
 25645   549   706 17099  2242   405 24612 11732 31581 22246
    15 30905 31736  3448  7795  5501   795  4097 15936 29217
  8786 22320 11640 15467 18654 27536  3976  4838 16555 16048
 25048 18218 30594  8065 11937  5469 26752 19967 25087 29946
 14791 29203 30023 26321 25203 31160 25754 25680 27856  8798
  8890 21504 10442 12683 32541 10066 25252  8392 12864  1436
 29165 16571  1086 10335 13488  6033 16801 19659 19180 32415
 29304 24197  9795 17224  1962 16295 16886 20257 29321 21001
  5905  6995 23210  9663  8419 29505 26101 28898  1457 19051
 18168 13460 14252 10642  1408 13118  8735 30494 13675  7196
 14061  7868  4024  4092 28731 23627  8672 25410  6762 11769
  1897 16688 31304 12713 25016  5220  9095 29081   551 22690
  4974 25665 31319 14804 25550  9086  1736  9295 10808  7919
  1958 10840 22381 19871 31718 25319 11030  8933 12946  9643
  4021 19081  9825 18509 29404 28712 14219 16633 28061  5594
 14299 21019 20801 15889 32006  9062 27708 27845 27963 27675
  7009 17358 14843  4744 31571 16017 15659 25807 20028 20702
 11368 20200 27073 27929  5786 12777 16693 13720 24524 16517
 24588 23885 12091  1235 26771 31653   940 29521 27359 22447
 25091 12073 10243 28289 21010 25523  5511 14552  7599 22330
 13589 29694  1545  6915  5236 29169 25404 31883  2491 13505
 25122  7185 32702 22842 21612 19540 26317  5315 18162  8094
  7582 19078 21064 17921 26247 31697 22930  8417 15600  6076
 11161 12211  7945 28173 14878 14851  8120 18776 23406 23228
 21718 29803 18998 20644 30106 12009 22425 14374 15701 21812
   896  4692 26208 16272 28465 15660 20819  7302 24100 16666
 11384 19079 14609  6079 12160 29906 18254 20465 16244 30616
  4696 13059  3822 20317 10160 20294  3720  6049 11496  3023
 16789 23744 31229 10619 19215 17687 11751 21809 18129 21864
 29039 12135 17158 21631 23617 27880 28130  4630 12354 29908
 19344  5367 24355  8168  2155 29792  3639 31999 15216 24747
  3201 16089 11507  7982 28434 14108 30098 32097 18322   664
  2408 32574 10524 19151   899 19694 28495 16565 17815  9121
 31649 13492 16371 19902 23799 28659 30133 26172  5491 13016
  4410 27471 29325 31948  7385 25672 11110   318 13265  7862
 14680 28138 16255 18130  7890 26203  5333 24346  4195 22702
  1543 23355 13332  3994 15495 25140 27387  9645 28468 31673
 22797 15832 18639 11477  7988  9518  4782 18388 31650 16873
 30644 29536 17508 29614 29568 11498 28730 18706 16869 19020
  8614 11868 25242 16044 26691 31116  1331  9891 11352 30621
 29008 24478 30893 24328 16149 11909  5789 19337 29658 14747
 12397 10021 22307 22950 28124  9324  5074  1615 16123 11772
 31131 25035 18751 28486 29369 10171 10965 23189   479   849
  2101 20556 23666  4277  6138 19310 29941  3495  8433 14180
  2501 32101  7792 21243  3078 17359 32489 17581 29405 31689
 12478 17441 20191  3297 29015 31989 12746 17458  4723  3770
 15987 29831 10683 20032 29952 25028 24221 11284  3927 31618
 19031 25672   471 11002  7762 23410 29765 14372  1202 19703
 18185  2592 28459 11914 30874 18132 18454 27887 32567  5591
 14788 26117 27352  2701    18 17411 25444 31124 30781  7682
 22308 15711 25336   444 28024 11809  3260 19091  4552 20717
 20576 27093 10942   539 10217  1086 20914  7917 16291  2238
  7782 29299 16241  9341 23284 27051 15969 14365 13316 21229
  5251 12863 14658 11398 32508 29512 16912 18084 19030  7781
  2679 15474 30490 31692  7268  2179  3233 20549 22801 14452
  3623 19945 14017   973 17953   554  1712 18985 23504 25876
 22346 15511 26391 28115 18075 13887 30346 20596 22791  2121
 15303 18672 10299 15610 21001  5990 32355  5664 21242  4520
 12701 19121 11721 28153 21422 18351 29821 11029  2549 30798
